int brightnessR[numImages][32][32] = {
                              {
                                {13,13,13,13,13,13,13,13,13,13,13,13,13,13,13,0,0,0,0,0,0,13,13,13,13,13,13,13,13,13,13,13},
                                {13,13,13,13,13,13,13,13,13,13,13,13,13,13,0,0,0,0,0,0,13,13,13,13,13,13,13,13,13,13,13,13},
                                {13,13,13,13,13,13,13,13,13,13,13,13,13,0,0,0,0,0,0,13,13,13,13,13,13,13,13,13,13,13,13,13},
                                {13,13,13,13,13,13,13,13,13,13,13,13,13,0,0,0,0,0,0,13,13,13,13,13,13,13,13,13,13,13,13,13},
                                {13,13,13,13,13,13,13,19,19,19,19,19,19,0,0,0,0,0,0,19,19,19,19,19,19,13,13,13,13,13,13,13},
                                {13,13,13,13,13,13,19,35,35,19,35,35,35,19,19,19,19,19,19,35,35,35,19,35,35,19,13,13,13,13,13,13},
                                {13,13,13,13,13,19,35,35,19,35,35,35,35,19,35,35,19,35,19,35,35,35,35,19,35,35,19,13,13,13,13,13},
                                {13,13,13,13,19,35,35,19,35,35,35,35,19,35,35,35,19,35,35,19,35,35,35,35,19,35,35,19,13,13,13,13},
                                {13,13,13,19,35,35,19,35,35,35,35,19,35,35,35,35,19,35,35,35,19,35,35,35,35,19,35,35,19,13,13,13},
                                {13,13,19,35,35,19,35,35,0,35,19,35,35,35,35,35,19,35,35,35,35,19,35,0,35,35,19,35,35,19,13,13},
                                {13,19,35,35,35,19,35,35,0,0,35,35,35,35,35,35,19,35,35,35,35,35,0,0,35,35,35,19,35,35,19,13},
                                {13,19,35,35,35,19,35,35,0,33,0,0,35,35,35,35,19,35,35,35,0,0,33,0,35,35,35,19,35,35,19,13},
                                {13,19,35,35,35,19,35,35,0,33,33,0,35,35,35,35,19,35,35,35,0,33,33,0,35,35,35,19,35,35,19,13},
                                {13,19,35,35,35,19,35,0,0,33,33,0,0,35,35,35,19,35,35,0,0,33,33,0,0,35,35,19,35,35,19,13},
                                {13,19,35,35,35,19,35,35,35,19,35,35,35,35,35,0,0,35,35,35,35,35,19,35,35,35,35,19,35,35,19,13},
                                {13,19,35,35,35,19,35,35,35,19,35,35,35,35,35,0,0,35,35,35,35,35,19,35,35,35,35,19,35,35,19,13},
                                {13,19,35,35,35,19,35,35,35,19,35,35,35,35,0,0,0,0,35,35,35,35,19,35,35,35,35,19,35,35,19,13},
                                {13,19,35,35,35,19,35,35,35,19,35,35,35,0,0,0,0,0,0,35,35,35,19,35,35,35,35,19,35,35,19,13},
                                {13,19,35,35,35,0,35,35,35,19,35,35,35,0,0,0,0,0,0,35,35,35,19,35,35,35,0,19,35,35,19,13},
                                {13,19,35,35,35,0,0,35,35,19,35,35,35,35,35,35,19,35,35,35,35,35,19,35,35,0,0,19,35,35,19,13},
                                {13,19,35,35,35,0,0,0,35,19,35,35,35,35,35,35,19,35,35,35,35,35,19,35,0,0,0,19,35,35,19,13},
                                {13,19,35,35,35,0,0,0,36,36,36,36,0,0,36,36,36,36,0,0,36,36,36,36,0,0,0,19,35,35,19,13},
                                {13,19,35,35,35,0,0,0,36,36,36,36,0,0,36,36,36,36,0,0,36,36,36,36,0,0,0,19,35,35,19,13},
                                {13,13,19,35,35,0,0,0,0,36,36,0,0,0,0,36,36,0,0,0,0,36,36,0,0,0,0,19,35,19,13,13},
                                {13,13,19,35,35,0,0,0,0,0,0,0,0,0,0,0,0,0,0,0,0,0,0,0,0,0,0,35,35,19,13,13},
                                {13,13,13,19,35,35,0,0,0,0,0,0,0,0,0,0,0,0,0,0,0,0,0,0,0,0,35,35,19,13,13,13},
                                {13,13,13,13,19,35,35,0,0,0,0,0,36,36,0,0,0,0,36,36,0,0,0,0,0,35,35,19,13,13,13,13},
                                {13,13,13,13,13,19,35,35,0,0,0,36,36,36,36,0,0,36,36,36,36,0,0,0,35,35,19,13,13,13,13,13},
                                {13,13,13,13,13,13,19,35,35,19,35,35,35,19,35,35,19,35,19,35,35,35,19,35,35,19,13,13,13,13,13,13},
                                {13,13,13,13,13,13,13,19,19,19,19,35,35,35,19,35,19,19,35,35,35,19,19,19,19,13,13,13,13,13,13,13},
                                {13,13,13,13,13,13,13,13,13,13,19,19,19,19,19,19,19,19,19,19,19,19,13,13,13,13,13,13,13,13,13,13},
                                {13,13,13,13,13,13,13,13,13,13,13,13,13,13,13,13,13,13,13,13,13,13,13,13,13,13,13,13,13,13,13,13}
                              }
                           };

int brightnessG[numImages][32][32] = {
                              {
                                {1,1,1,1,1,1,1,1,1,1,1,1,1,1,1,15,15,15,8,15,15,1,1,1,1,1,1,1,1,1,1,1},
                                {1,1,1,1,1,1,1,1,1,1,1,1,1,1,15,15,15,8,15,15,1,1,1,1,1,1,1,1,1,1,1,1},
                                {1,1,1,1,1,1,1,1,1,1,1,1,1,15,15,15,15,8,15,1,1,1,1,1,1,1,1,1,1,1,1,1},
                                {1,1,1,1,1,1,1,1,1,1,1,1,1,15,15,15,8,15,15,1,1,1,1,1,1,1,1,1,1,1,1,1},
                                {1,1,1,1,1,1,1,9,9,9,9,9,9,15,15,8,15,15,15,9,9,9,9,9,9,1,1,1,1,1,1,1},
                                {1,1,1,1,1,1,9,17,17,9,17,17,17,9,9,9,9,9,9,17,17,17,9,17,17,9,1,1,1,1,1,1},
                                {1,1,1,1,1,9,17,17,9,17,17,17,17,9,17,17,9,17,9,17,17,17,17,9,17,17,9,1,1,1,1,1},
                                {1,1,1,1,9,17,17,9,17,17,17,17,9,17,17,17,9,17,17,9,17,17,17,17,9,17,17,9,1,1,1,1},
                                {1,1,1,9,17,17,9,17,17,17,17,9,17,17,17,17,9,17,17,17,9,17,17,17,17,9,17,17,9,1,1,1},
                                {1,1,9,17,17,9,17,17,0,17,9,17,17,17,17,17,9,17,17,17,17,9,17,0,17,17,9,17,17,9,1,1},
                                {1,9,17,17,17,9,17,17,0,0,17,17,17,17,17,17,9,17,17,17,17,17,0,0,17,17,17,9,17,17,9,1},
                                {1,9,17,17,17,9,17,17,0,29,0,0,17,17,17,17,9,17,17,17,0,0,29,0,17,17,17,9,17,17,9,1},
                                {1,9,17,17,17,9,17,17,0,29,29,0,17,17,17,17,9,17,17,17,0,29,29,0,17,17,17,9,17,17,9,1},
                                {1,9,17,17,17,9,17,0,0,29,29,0,0,17,17,17,9,17,17,0,0,29,29,0,0,17,17,9,17,17,9,1},
                                {1,9,17,17,17,9,17,17,17,9,17,17,17,17,17,0,0,17,17,17,17,17,9,17,17,17,17,9,17,17,9,1},
                                {1,9,17,17,17,9,17,17,17,9,17,17,17,17,17,0,0,17,17,17,17,17,9,17,17,17,17,9,17,17,9,1},
                                {1,9,17,17,17,9,17,17,17,9,17,17,17,17,0,0,0,0,17,17,17,17,9,17,17,17,17,9,17,17,9,1},
                                {1,9,17,17,17,9,17,17,17,9,17,17,17,0,0,0,0,0,0,17,17,17,9,17,17,17,17,9,17,17,9,1},
                                {1,9,17,17,17,0,17,17,17,9,17,17,17,0,0,0,0,0,0,17,17,17,9,17,17,17,0,9,17,17,9,1},
                                {1,9,17,17,17,0,0,17,17,9,17,17,17,17,17,17,9,17,17,17,17,17,9,17,17,0,0,9,17,17,9,1},
                                {1,9,17,17,17,0,0,0,17,9,17,17,17,17,17,17,9,17,17,17,17,17,9,17,0,0,0,9,17,17,9,1},
                                {1,9,17,17,17,0,0,0,36,36,36,36,0,0,36,36,36,36,0,0,36,36,36,36,0,0,0,9,17,17,9,1},
                                {1,9,17,17,17,0,0,0,36,36,36,36,0,0,36,36,36,36,0,0,36,36,36,36,0,0,0,9,17,17,9,1},
                                {1,1,9,17,17,0,0,0,0,36,36,0,0,0,0,36,36,0,0,0,0,36,36,0,0,0,0,9,17,9,1,1},
                                {1,1,9,17,17,0,0,0,0,0,0,0,0,0,0,0,0,0,0,0,0,0,0,0,0,0,0,17,17,9,1,1},
                                {1,1,1,9,17,17,0,0,0,0,0,0,0,0,0,0,0,0,0,0,0,0,0,0,0,0,17,17,9,1,1,1},
                                {1,1,1,1,9,17,17,0,0,0,0,0,36,36,0,0,0,0,36,36,0,0,0,0,0,17,17,9,1,1,1,1},
                                {1,1,1,1,1,9,17,17,0,0,0,36,36,36,36,0,0,36,36,36,36,0,0,0,17,17,9,1,1,1,1,1},
                                {1,1,1,1,1,1,9,17,17,9,17,17,17,9,17,17,9,17,9,17,17,17,9,17,17,9,1,1,1,1,1,1},
                                {1,1,1,1,1,1,1,9,9,9,9,17,17,17,9,17,9,9,17,17,17,9,9,9,9,1,1,1,1,1,1,1},
                                {1,1,1,1,1,1,1,1,1,1,9,9,9,9,9,9,9,9,9,9,9,9,1,1,1,1,1,1,1,1,1,1},
                                {1,1,1,1,1,1,1,1,1,1,1,1,1,1,1,1,1,1,1,1,1,1,1,1,1,1,1,1,1,1,1,1}
                              }
                           };

int brightnessB[numImages][32][32] = {
                              {
                                {17,17,17,17,17,17,17,17,17,17,17,17,17,17,17,0,0,0,0,0,0,17,17,17,17,17,17,17,17,17,17,17},
                                {17,17,17,17,17,17,17,17,17,17,17,17,17,17,0,0,0,0,0,0,17,17,17,17,17,17,17,17,17,17,17,17},
                                {17,17,17,17,17,17,17,17,17,17,17,17,17,0,0,0,0,0,0,17,17,17,17,17,17,17,17,17,17,17,17,17},
                                {17,17,17,17,17,17,17,17,17,17,17,17,17,0,0,0,0,0,0,17,17,17,17,17,17,17,17,17,17,17,17,17},
                                {17,17,17,17,17,17,17,0,0,0,0,0,0,0,0,0,0,0,0,0,0,0,0,0,0,17,17,17,17,17,17,17},
                                {17,17,17,17,17,17,0,0,0,0,0,0,0,0,0,0,0,0,0,0,0,0,0,0,0,0,17,17,17,17,17,17},
                                {17,17,17,17,17,0,0,0,0,0,0,0,0,0,0,0,0,0,0,0,0,0,0,0,0,0,0,17,17,17,17,17},
                                {17,17,17,17,0,0,0,0,0,0,0,0,0,0,0,0,0,0,0,0,0,0,0,0,0,0,0,0,17,17,17,17},
                                {17,17,17,0,0,0,0,0,0,0,0,0,0,0,0,0,0,0,0,0,0,0,0,0,0,0,0,0,0,17,17,17},
                                {17,17,0,0,0,0,0,0,0,0,0,0,0,0,0,0,0,0,0,0,0,0,0,0,0,0,0,0,0,0,17,17},
                                {17,0,0,0,0,0,0,0,0,0,0,0,0,0,0,0,0,0,0,0,0,0,0,0,0,0,0,0,0,0,0,17},
                                {17,0,0,0,0,0,0,0,0,2,0,0,0,0,0,0,0,0,0,0,0,0,2,0,0,0,0,0,0,0,0,17},
                                {17,0,0,0,0,0,0,0,0,2,2,0,0,0,0,0,0,0,0,0,0,2,2,0,0,0,0,0,0,0,0,17},
                                {17,0,0,0,0,0,0,0,0,2,2,0,0,0,0,0,0,0,0,0,0,2,2,0,0,0,0,0,0,0,0,17},
                                {17,0,0,0,0,0,0,0,0,0,0,0,0,0,0,0,0,0,0,0,0,0,0,0,0,0,0,0,0,0,0,17},
                                {17,0,0,0,0,0,0,0,0,0,0,0,0,0,0,0,0,0,0,0,0,0,0,0,0,0,0,0,0,0,0,17},
                                {17,0,0,0,0,0,0,0,0,0,0,0,0,0,0,0,0,0,0,0,0,0,0,0,0,0,0,0,0,0,0,17},
                                {17,0,0,0,0,0,0,0,0,0,0,0,0,0,0,0,0,0,0,0,0,0,0,0,0,0,0,0,0,0,0,17},
                                {17,0,0,0,0,0,0,0,0,0,0,0,0,0,0,0,0,0,0,0,0,0,0,0,0,0,0,0,0,0,0,17},
                                {17,0,0,0,0,0,0,0,0,0,0,0,0,0,0,0,0,0,0,0,0,0,0,0,0,0,0,0,0,0,0,17},
                                {17,0,0,0,0,0,0,0,0,0,0,0,0,0,0,0,0,0,0,0,0,0,0,0,0,0,0,0,0,0,0,17},
                                {17,0,0,0,0,0,0,0,36,36,36,36,0,0,36,36,36,36,0,0,36,36,36,36,0,0,0,0,0,0,0,17},
                                {17,0,0,0,0,0,0,0,36,36,36,36,0,0,36,36,36,36,0,0,36,36,36,36,0,0,0,0,0,0,0,17},
                                {17,17,0,0,0,0,0,0,0,36,36,0,0,0,0,36,36,0,0,0,0,36,36,0,0,0,0,0,0,0,17,17},
                                {17,17,0,0,0,0,0,0,0,0,0,0,0,0,0,0,0,0,0,0,0,0,0,0,0,0,0,0,0,0,17,17},
                                {17,17,17,0,0,0,0,0,0,0,0,0,0,0,0,0,0,0,0,0,0,0,0,0,0,0,0,0,0,17,17,17},
                                {17,17,17,17,0,0,0,0,0,0,0,0,36,36,0,0,0,0,36,36,0,0,0,0,0,0,0,0,17,17,17,17},
                                {17,17,17,17,17,0,0,0,0,0,0,36,36,36,36,0,0,36,36,36,36,0,0,0,0,0,0,17,17,17,17,17},
                                {17,17,17,17,17,17,0,0,0,0,0,0,0,0,0,0,0,0,0,0,0,0,0,0,0,0,17,17,17,17,17,17},
                                {17,17,17,17,17,17,17,0,0,0,0,0,0,0,0,0,0,0,0,0,0,0,0,0,0,17,17,17,17,17,17,17},
                                {17,17,17,17,17,17,17,17,17,17,0,0,0,0,0,0,0,0,0,0,0,0,17,17,17,17,17,17,17,17,17,17},
                                {17,17,17,17,17,17,17,17,17,17,17,17,17,17,17,17,17,17,17,17,17,17,17,17,17,17,17,17,17,17,17,17}
                              }
                           };

