int brightnessR[numImages][32][32] = {
                              {
                                {7,7,7,7,7,7,7,7,7,7,7,7,7,7,7,7,7,7,36,7,7,7,7,7,7,7,7,7,7,7,7,7},
                                {7,7,7,7,7,7,7,7,7,7,7,7,7,7,7,7,7,36,36,7,7,7,7,7,7,7,7,7,7,7,7,7},
                                {7,7,7,7,7,7,7,7,7,7,7,7,7,7,7,7,36,36,36,7,7,7,7,7,7,7,7,7,7,7,7,7},
                                {7,7,7,7,7,7,7,7,7,7,7,7,7,7,7,36,36,36,36,36,7,7,7,7,7,7,7,7,7,7,7,7},
                                {7,7,7,7,7,7,7,7,7,7,7,7,7,7,36,36,36,36,36,36,7,7,7,7,7,7,7,7,7,7,7,7},
                                {7,7,7,7,7,7,7,7,7,7,7,7,7,36,36,36,36,36,36,36,7,7,7,7,7,7,7,7,7,7,7,7},
                                {7,7,7,7,7,7,7,7,7,7,7,7,36,36,36,36,36,36,36,36,36,7,7,7,7,7,7,7,7,7,7,7},
                                {7,7,7,7,7,7,7,7,7,7,7,7,22,35,35,35,35,35,35,35,22,7,7,7,7,7,7,7,7,7,7,7},
                                {7,7,7,7,7,7,7,7,7,7,7,7,22,35,35,35,35,0,0,35,22,7,7,7,7,7,7,7,7,7,7,7},
                                {7,7,7,7,7,0,0,7,7,7,7,7,22,35,35,35,35,0,0,35,22,7,7,7,7,7,7,7,7,7,7,7},
                                {7,7,7,7,0,0,0,7,7,7,7,7,22,35,35,35,35,35,35,35,22,7,7,7,7,7,7,7,7,7,7,7},
                                {7,7,7,7,0,0,0,7,7,7,7,7,22,35,22,22,22,22,22,35,22,7,7,7,7,7,7,7,7,7,7,7},
                                {7,7,7,7,36,36,36,7,7,7,7,36,22,22,22,35,35,35,22,22,22,36,7,7,7,7,7,7,7,7,7,7},
                                {7,7,7,7,7,36,36,36,36,36,36,36,36,22,22,22,22,22,22,22,36,36,36,36,36,36,7,7,7,7,7,7},
                                {7,7,7,7,7,36,36,36,36,36,36,36,36,36,22,22,22,22,22,36,36,36,36,36,36,36,36,7,7,7,7,7},
                                {7,7,7,7,7,7,36,36,36,36,36,36,36,36,36,22,22,22,36,36,36,36,36,36,36,36,36,36,7,7,7,7},
                                {7,7,7,7,7,7,7,7,7,36,36,36,36,36,36,36,22,36,36,36,36,36,36,36,7,36,36,36,7,7,7,7},
                                {7,7,7,7,7,7,7,7,7,7,36,36,36,36,36,36,36,36,36,36,36,36,36,7,7,36,36,36,7,7,7,7},
                                {7,7,7,7,7,7,7,7,7,7,36,36,36,36,36,36,36,36,36,36,36,36,36,7,7,36,36,36,7,7,7,7},
                                {7,7,7,7,7,7,7,7,7,7,0,0,0,0,0,35,35,35,0,0,0,0,0,7,7,36,36,36,7,7,7,7},
                                {7,7,7,7,7,7,7,7,7,7,0,0,0,0,0,35,0,35,0,0,0,0,0,7,7,0,0,0,7,7,7,7},
                                {7,7,7,7,7,7,7,7,7,7,0,0,0,0,0,35,35,35,0,0,0,0,0,7,7,0,0,0,7,7,7,7},
                                {7,7,7,7,7,7,7,7,7,7,36,36,36,36,36,36,36,36,36,36,36,36,36,7,7,7,0,0,7,7,7,7},
                                {7,7,7,7,7,7,7,7,7,7,36,36,36,36,36,36,7,36,36,36,36,36,36,7,7,7,7,7,7,7,7,7},
                                {7,7,7,7,7,7,7,7,7,7,36,36,36,36,36,7,7,7,36,36,36,36,36,7,7,7,7,7,7,7,7,7},
                                {7,7,7,7,7,7,7,7,7,7,36,36,36,36,36,7,7,7,36,36,36,36,36,7,7,7,7,7,7,7,7,7},
                                {7,7,7,7,7,7,7,7,7,7,36,36,36,36,36,7,7,7,36,36,36,36,36,7,7,7,7,7,7,7,7,7},
                                {7,7,7,7,7,7,7,7,7,7,36,36,36,36,36,7,7,7,36,36,36,36,36,7,7,7,7,7,7,7,7,7},
                                {7,7,7,7,7,7,7,7,7,7,7,36,36,36,7,7,7,7,7,36,36,36,7,7,7,7,7,7,7,7,7,7},
                                {7,7,7,7,7,7,7,7,7,7,7,36,36,36,7,7,7,7,7,36,36,36,7,7,7,7,7,7,7,7,7,7},
                                {7,7,7,7,7,7,7,7,0,0,7,0,0,0,7,7,7,7,7,0,0,0,7,0,0,7,7,7,7,7,7,7},
                                {7,7,7,7,7,7,7,7,0,0,0,0,0,0,7,7,7,7,7,0,0,0,0,0,0,7,7,7,7,7,7,7}
                              },
                              {
                                {7,7,7,7,7,7,7,7,7,7,7,7,7,7,7,7,7,7,36,7,7,7,7,7,7,7,7,7,7,7,7,7},
                                {0,7,7,0,7,7,0,0,0,0,7,7,7,7,7,7,7,36,36,7,7,7,7,7,7,7,7,7,7,7,7,7},
                                {0,7,7,0,7,7,0,7,7,0,7,7,7,7,7,7,36,36,36,7,7,7,7,7,7,7,7,7,7,7,7,7},
                                {0,7,7,0,7,7,0,7,7,0,7,7,7,7,7,36,36,36,36,36,7,7,7,7,7,7,7,7,7,7,7,7},
                                {0,0,0,0,7,7,0,7,7,0,7,7,7,7,36,36,36,36,36,36,7,7,7,7,7,7,7,7,7,7,7,7},
                                {0,7,7,0,7,7,0,7,7,0,7,7,7,36,36,36,36,36,36,36,7,7,7,7,7,7,7,7,7,7,7,7},
                                {0,7,7,0,7,7,0,7,7,0,7,7,36,36,36,36,36,36,36,36,36,7,7,7,7,7,7,7,7,7,7,7},
                                {0,7,7,0,7,7,0,0,0,0,7,7,22,35,35,35,35,35,35,35,22,7,7,7,7,7,7,7,7,7,7,7},
                                {7,7,7,7,7,7,7,7,7,7,7,7,22,35,0,0,35,0,0,35,22,7,7,7,7,7,7,7,7,7,7,7},
                                {7,7,7,7,7,7,7,0,0,7,7,7,22,35,0,0,35,0,0,35,22,7,7,7,7,7,7,7,7,7,7,7},
                                {7,7,7,7,7,7,0,0,0,7,7,7,22,35,35,35,35,35,35,35,22,7,7,7,7,7,7,7,7,7,7,7},
                                {7,7,7,7,7,7,0,0,0,7,7,7,22,35,22,22,22,22,22,35,22,7,7,7,7,7,7,7,7,7,7,7},
                                {7,7,7,7,7,7,36,36,36,7,7,36,22,22,22,35,35,35,22,22,22,36,7,7,7,7,7,7,7,7,7,7},
                                {7,7,7,7,7,36,36,36,36,36,36,36,36,22,22,22,22,22,22,22,36,36,36,36,36,36,7,7,7,7,7,7},
                                {7,7,7,7,7,36,36,36,36,36,36,36,36,36,22,22,22,22,22,36,36,36,36,36,36,36,36,7,7,7,7,7},
                                {7,7,7,7,7,7,36,36,36,36,36,36,36,36,36,22,22,22,36,36,36,36,36,36,36,36,36,36,7,7,7,7},
                                {7,7,7,7,7,7,7,7,7,36,36,36,36,36,36,36,22,36,36,36,36,36,36,36,7,36,36,36,7,7,7,7},
                                {7,7,7,7,7,7,7,7,7,7,36,36,36,36,36,36,36,36,36,36,36,36,36,7,7,36,36,36,7,7,7,7},
                                {7,7,7,7,7,7,7,7,7,7,36,36,36,36,36,36,36,36,36,36,36,36,36,7,7,36,36,36,7,7,7,7},
                                {7,7,7,7,7,7,7,7,7,7,0,0,0,0,0,35,35,35,0,0,0,0,0,7,7,36,36,36,7,7,7,7},
                                {7,7,7,7,7,7,7,7,7,7,0,0,0,0,0,35,0,35,0,0,0,0,0,7,7,0,0,0,7,7,7,7},
                                {7,7,7,7,7,7,7,7,7,7,0,0,0,0,0,35,35,35,0,0,0,0,0,7,7,0,0,0,7,7,7,7},
                                {7,7,7,7,7,7,7,7,7,7,36,36,36,36,36,36,36,36,36,36,36,36,36,7,7,7,0,0,7,7,7,7},
                                {7,7,7,7,7,7,7,7,7,7,36,36,36,36,36,36,7,36,36,36,36,36,36,7,7,7,7,7,7,7,7,7},
                                {7,7,7,7,7,7,7,7,7,7,36,36,36,36,36,7,7,7,36,36,36,36,36,7,7,7,7,7,7,7,7,7},
                                {7,7,7,7,7,7,7,7,7,7,36,36,36,36,36,7,7,7,36,36,36,36,36,7,7,7,7,7,7,7,7,7},
                                {7,7,7,7,7,7,7,7,7,7,36,36,36,36,36,7,7,7,36,36,36,36,36,7,7,7,7,7,7,7,7,7},
                                {7,7,7,7,7,7,7,7,7,7,36,36,36,36,36,7,7,7,36,36,36,36,36,7,7,7,7,7,7,7,7,7},
                                {7,7,7,7,7,7,7,7,7,7,7,36,36,36,7,7,7,7,7,36,36,36,7,7,7,7,7,7,7,7,7,7},
                                {7,7,7,7,7,7,7,7,7,7,7,36,36,36,7,7,7,7,7,36,36,36,7,7,7,7,7,7,7,7,7,7},
                                {7,7,7,7,7,7,7,7,0,0,7,0,0,0,7,7,7,7,7,0,0,0,7,0,0,7,7,7,7,7,7,7},
                                {7,7,7,7,7,7,7,7,0,0,0,0,0,0,7,7,7,7,7,0,0,0,0,0,0,7,7,7,7,7,7,7}
                              },
                              {
                                {7,7,7,7,7,7,7,7,7,7,7,7,7,7,7,7,7,7,36,7,7,7,7,7,7,7,7,7,7,7,7,7},
                                {0,7,7,0,7,7,0,0,0,0,7,7,7,7,7,7,7,36,36,7,7,7,1,7,7,1,7,7,1,1,1,1},
                                {0,7,7,0,7,7,0,7,7,0,7,7,7,7,7,7,36,36,36,7,7,7,1,7,7,1,7,7,1,7,7,1},
                                {0,7,7,0,7,7,0,7,7,0,7,7,7,7,7,36,36,36,36,36,7,7,1,7,7,1,7,7,1,7,7,1},
                                {0,0,0,0,7,7,0,7,7,0,7,7,7,7,36,36,36,36,36,36,7,7,1,1,1,1,7,7,1,7,7,1},
                                {0,7,7,0,7,7,0,7,7,0,7,7,7,36,36,36,36,36,36,36,7,7,1,7,7,1,7,7,1,7,7,1},
                                {0,7,7,0,7,7,0,7,7,0,7,7,36,36,36,36,36,36,36,36,36,7,1,7,7,1,7,7,1,7,7,1},
                                {0,7,7,0,7,7,0,0,0,0,7,7,22,35,35,35,35,35,35,35,22,7,1,7,7,1,7,7,1,1,1,1},
                                {7,7,7,7,7,7,7,7,7,7,7,7,22,35,0,0,35,0,0,35,22,7,7,7,7,7,7,7,7,7,7,7},
                                {7,7,7,7,0,0,7,7,7,7,7,7,22,35,0,0,35,0,0,35,22,7,7,7,7,7,7,7,7,7,7,7},
                                {7,7,7,0,0,0,7,7,7,7,7,7,22,35,35,35,35,35,35,35,22,7,7,7,7,7,7,7,7,7,7,7},
                                {7,7,7,0,0,0,7,7,7,7,7,7,22,35,22,22,22,22,22,35,22,7,7,7,7,7,7,7,7,7,7,7},
                                {7,7,7,36,36,36,7,7,7,7,7,36,22,22,22,35,35,35,22,22,22,36,7,7,7,7,7,7,7,7,7,7},
                                {7,7,7,7,7,36,36,36,36,36,36,36,36,22,22,22,22,22,22,22,36,36,36,36,36,36,7,7,7,7,7,7},
                                {7,7,7,7,7,36,36,36,36,36,36,36,36,36,22,22,22,22,22,36,36,36,36,36,36,36,36,7,7,7,7,7},
                                {7,7,7,7,7,7,36,36,36,36,36,36,36,36,36,22,22,22,36,36,36,36,36,36,36,36,36,36,7,7,7,7},
                                {7,7,7,7,7,7,7,7,7,36,36,36,36,36,36,36,22,36,36,36,36,36,36,36,7,36,36,36,7,7,7,7},
                                {7,7,7,7,7,7,7,7,7,7,36,36,36,36,36,36,36,36,36,36,36,36,36,7,7,36,36,36,7,7,7,7},
                                {7,7,7,7,7,7,7,7,7,7,36,36,36,36,36,36,36,36,36,36,36,36,36,7,7,36,36,36,7,7,7,7},
                                {7,7,7,7,7,7,7,7,7,7,0,0,0,0,0,35,35,35,0,0,0,0,0,7,7,36,36,36,7,7,7,7},
                                {7,7,7,7,7,7,7,7,7,7,0,0,0,0,0,35,0,35,0,0,0,0,0,7,7,0,0,0,7,7,7,7},
                                {7,7,7,7,7,7,7,7,7,7,0,0,0,0,0,35,35,35,0,0,0,0,0,7,7,0,0,0,7,7,7,7},
                                {7,7,7,7,7,7,7,7,7,7,36,36,36,36,36,36,36,36,36,36,36,36,36,7,7,7,0,0,7,7,7,7},
                                {7,7,7,7,7,7,7,7,7,7,36,36,36,36,36,36,7,36,36,36,36,36,36,7,7,7,7,7,7,7,7,7},
                                {7,7,7,7,7,7,7,7,7,7,36,36,36,36,36,7,7,7,36,36,36,36,36,7,7,7,7,7,7,7,7,7},
                                {7,7,7,7,7,7,7,7,7,7,36,36,36,36,36,7,7,7,36,36,36,36,36,7,7,7,7,7,7,7,7,7},
                                {7,7,7,7,7,7,7,7,7,7,36,36,36,36,36,7,7,7,36,36,36,36,36,7,7,7,7,7,7,7,7,7},
                                {7,7,7,7,7,7,7,7,7,7,36,36,36,36,36,7,7,7,36,36,36,36,36,7,7,7,7,7,7,7,7,7},
                                {7,7,7,7,7,7,7,7,7,7,7,36,36,36,7,7,7,7,7,36,36,36,7,7,7,7,7,7,7,7,7,7},
                                {7,7,7,7,7,7,7,7,7,7,7,36,36,36,7,7,7,7,7,36,36,36,7,7,7,7,7,7,7,7,7,7},
                                {7,7,7,7,7,7,7,7,0,0,7,0,0,0,7,7,7,7,7,0,0,0,7,0,0,7,7,7,7,7,7,7},
                                {7,7,7,7,7,7,7,7,0,0,0,0,0,0,7,7,7,7,7,0,0,0,0,0,0,7,7,7,7,7,7,7}
                              },
                              {
                                {7,7,7,7,7,7,7,7,7,7,7,7,7,7,7,7,7,7,36,7,7,7,7,7,7,7,7,7,7,7,7,7},
                                {0,7,7,0,7,7,0,0,0,0,7,7,7,7,7,7,7,36,36,7,7,7,1,7,7,1,7,7,1,1,1,1},
                                {0,7,7,0,7,7,0,7,7,0,7,7,7,7,7,7,36,36,36,7,7,7,1,7,7,1,7,7,1,7,7,1},
                                {0,7,7,0,7,7,0,7,7,0,7,7,7,7,7,36,36,36,36,36,7,7,1,7,7,1,7,7,1,7,7,1},
                                {0,0,0,0,7,7,0,7,7,0,7,7,7,7,36,36,36,36,36,36,7,7,1,1,1,1,7,7,1,7,7,1},
                                {0,7,7,0,7,7,0,7,7,0,7,7,7,36,36,36,36,36,36,36,7,7,1,7,7,1,7,7,1,7,7,1},
                                {0,7,7,0,7,7,0,7,7,0,7,7,36,36,36,36,36,36,36,36,36,7,1,7,7,1,7,7,1,7,7,1},
                                {0,7,7,0,7,7,0,0,0,0,7,7,22,35,35,35,35,35,35,35,22,7,1,7,7,1,7,7,1,1,1,1},
                                {7,7,7,7,7,7,7,7,7,7,7,7,22,35,0,0,35,0,0,35,22,7,7,7,7,7,7,7,7,7,7,7},
                                {7,7,7,7,7,7,0,0,7,7,7,7,22,35,0,0,35,0,0,35,22,7,7,7,7,7,7,7,7,7,7,7},
                                {7,7,7,7,7,0,0,0,7,7,7,7,22,35,35,35,35,35,35,35,22,7,7,7,7,7,7,7,7,7,7,7},
                                {7,7,7,7,7,0,0,0,7,7,7,7,22,35,22,22,22,22,22,35,22,7,7,7,7,7,7,7,7,7,7,7},
                                {7,7,7,7,7,36,36,36,7,7,7,36,22,22,22,35,35,35,22,22,22,36,7,7,7,7,7,7,7,7,7,7},
                                {7,7,7,7,7,36,36,36,36,36,36,36,36,22,22,22,22,22,22,22,36,36,36,36,36,36,7,7,7,7,7,7},
                                {7,7,7,7,7,36,36,36,36,36,36,36,36,36,22,22,22,22,22,36,36,36,36,36,36,36,36,7,7,7,7,7},
                                {7,7,7,7,7,7,36,36,36,36,36,36,36,36,36,22,22,22,36,36,36,36,36,36,36,36,36,36,7,7,7,7},
                                {7,7,7,7,7,7,7,7,7,36,36,36,36,36,36,36,22,36,36,36,36,36,36,36,7,36,36,36,7,7,7,7},
                                {7,7,7,7,7,7,7,7,7,7,36,36,36,36,36,36,36,36,36,36,36,36,36,7,7,36,36,36,7,7,7,7},
                                {7,7,7,7,7,7,7,7,7,7,36,36,36,36,36,36,36,36,36,36,36,36,36,7,7,36,36,36,7,7,7,7},
                                {7,7,7,7,7,7,7,7,7,7,0,0,0,0,0,35,35,35,0,0,0,0,0,7,7,36,36,36,7,7,7,7},
                                {33,7,7,33,7,33,33,33,33,7,0,0,0,0,0,35,0,35,0,0,0,0,0,7,7,0,0,0,7,7,7,7},
                                {33,7,7,33,7,33,7,7,33,7,0,0,0,0,0,35,35,35,0,0,0,0,0,7,7,0,0,0,7,7,7,7},
                                {33,7,7,33,7,33,7,7,33,7,36,36,36,36,36,36,36,36,36,36,36,36,36,7,7,7,0,0,7,7,7,7},
                                {33,33,33,33,7,33,7,7,33,7,36,36,36,36,36,36,7,36,36,36,36,36,36,7,7,7,7,7,7,7,7,7},
                                {33,7,7,33,7,33,7,7,33,7,36,36,36,36,36,7,7,7,36,36,36,36,36,7,7,7,7,7,7,7,7,7},
                                {33,7,7,33,7,33,7,7,33,7,36,36,36,36,36,7,7,7,36,36,36,36,36,7,7,7,7,7,7,7,7,7},
                                {33,7,7,33,7,33,33,33,33,7,36,36,36,36,36,7,7,7,36,36,36,36,36,7,7,7,7,7,7,7,7,7},
                                {7,7,7,7,7,7,7,7,7,7,36,36,36,36,36,7,7,7,36,36,36,36,36,7,7,7,7,7,7,7,7,7},
                                {7,7,7,7,7,7,7,7,7,7,7,36,36,36,7,7,7,7,7,36,36,36,7,7,7,7,7,7,7,7,7,7},
                                {7,7,7,7,7,7,7,7,7,7,7,36,36,36,7,7,7,7,7,36,36,36,7,7,7,7,7,7,7,7,7,7},
                                {7,7,7,7,7,7,7,7,0,0,7,0,0,0,7,7,7,7,7,0,0,0,7,0,0,7,7,7,7,7,7,7},
                                {7,7,7,7,7,7,7,7,0,0,0,0,0,0,7,7,7,7,7,0,0,0,0,0,0,7,7,7,7,7,7,7}
                              }
                           };

int brightnessG[numImages][32][32] = { 
                              {
                                {3,3,3,3,3,3,3,3,3,3,3,3,3,3,3,3,3,3,36,3,3,3,3,3,3,3,3,3,3,3,3,3},
                                {3,3,3,3,3,3,3,3,3,3,3,3,3,3,3,3,3,0,0,3,3,3,3,3,3,3,3,3,3,3,3,3},
                                {3,3,3,3,3,3,3,3,3,3,3,3,3,3,3,3,0,0,0,3,3,3,3,3,3,3,3,3,3,3,3,3},
                                {3,3,3,3,3,3,3,3,3,3,3,3,3,3,3,0,0,0,0,0,3,3,3,3,3,3,3,3,3,3,3,3},
                                {3,3,3,3,3,3,3,3,3,3,3,3,3,3,0,0,0,0,0,0,3,3,3,3,3,3,3,3,3,3,3,3},
                                {3,3,3,3,3,3,3,3,3,3,3,3,3,0,0,0,0,0,0,0,3,3,3,3,3,3,3,3,3,3,3,3},
                                {3,3,3,3,3,3,3,3,3,3,3,3,36,36,36,36,36,36,36,36,36,3,3,3,3,3,3,3,3,3,3,3},
                                {3,3,3,3,3,3,3,3,3,3,3,3,20,20,20,20,20,20,20,20,20,3,3,3,3,3,3,3,3,3,3,3},
                                {3,3,3,3,3,3,3,3,3,3,3,3,20,20,20,20,20,18,18,20,20,3,3,3,3,3,3,3,3,3,3,3},
                                {3,3,3,3,3,0,0,3,3,3,3,3,20,20,20,20,20,18,18,20,20,3,3,3,3,3,3,3,3,3,3,3},
                                {3,3,3,3,0,0,0,3,3,3,3,3,20,20,20,20,20,20,20,20,20,3,3,3,3,3,3,3,3,3,3,3},
                                {3,3,3,3,0,0,0,3,3,3,3,3,20,20,20,20,20,20,20,20,20,3,3,3,3,3,3,3,3,3,3,3},
                                {3,3,3,3,36,36,36,3,3,3,3,0,20,20,20,20,20,20,20,20,20,0,3,3,3,3,3,3,3,3,3,3},
                                {3,3,3,3,3,0,0,0,0,0,0,0,0,20,20,20,20,20,20,20,0,0,0,0,0,0,3,3,3,3,3,3},
                                {3,3,3,3,3,0,0,0,0,0,0,0,0,0,20,20,20,20,20,0,0,0,0,0,0,0,0,3,3,3,3,3},
                                {3,3,3,3,3,3,0,0,0,0,0,0,0,0,0,20,20,20,0,0,0,0,0,0,0,0,0,0,3,3,3,3},
                                {3,3,3,3,3,3,3,3,3,0,0,0,0,0,0,0,20,0,0,0,0,0,0,0,3,0,0,0,3,3,3,3},
                                {3,3,3,3,3,3,3,3,3,3,0,0,0,0,0,0,0,0,0,0,0,0,0,3,3,0,0,0,3,3,3,3},
                                {3,3,3,3,3,3,3,3,3,3,0,0,0,0,0,0,0,0,0,0,0,0,0,3,3,0,0,0,3,3,3,3},
                                {3,3,3,3,3,3,3,3,3,3,0,0,0,0,0,36,36,36,0,0,0,0,0,3,3,36,36,36,3,3,3,3},
                                {3,3,3,3,3,3,3,3,3,3,0,0,0,0,0,36,0,36,0,0,0,0,0,3,3,0,0,0,3,3,3,3},
                                {3,3,3,3,3,3,3,3,3,3,0,0,0,0,0,36,36,36,0,0,0,0,0,3,3,0,0,0,3,3,3,3},
                                {3,3,3,3,3,3,3,3,3,3,0,0,0,0,0,0,0,0,0,0,0,0,0,3,3,3,0,0,3,3,3,3},
                                {3,3,3,3,3,3,3,3,3,3,0,0,0,0,0,0,3,0,0,0,0,0,0,3,3,3,3,3,3,3,3,3},
                                {3,3,3,3,3,3,3,3,3,3,0,0,0,0,0,3,3,3,0,0,0,0,0,3,3,3,3,3,3,3,3,3},
                                {3,3,3,3,3,3,3,3,3,3,0,0,0,0,0,3,3,3,0,0,0,0,0,3,3,3,3,3,3,3,3,3},
                                {3,3,3,3,3,3,3,3,3,3,0,0,0,0,0,3,3,3,0,0,0,0,0,3,3,3,3,3,3,3,3,3},
                                {3,3,3,3,3,3,3,3,3,3,0,0,0,0,0,3,3,3,0,0,0,0,0,3,3,3,3,3,3,3,3,3},
                                {3,3,3,3,3,3,3,3,3,3,3,0,0,0,3,3,3,3,3,0,0,0,3,3,3,3,3,3,3,3,3,3},
                                {3,3,3,3,3,3,3,3,3,3,3,36,36,36,3,3,3,3,3,36,36,36,3,3,3,3,3,3,3,3,3,3},
                                {3,3,3,3,3,3,3,3,0,0,3,0,0,0,3,3,3,3,3,0,0,0,3,0,0,3,3,3,3,3,3,3},
                                {3,3,3,3,3,3,3,3,0,0,0,0,0,0,3,3,3,3,3,0,0,0,0,0,0,3,3,3,3,3,3,3}
                              },
                              {
                                {3,3,3,3,3,3,3,3,3,3,3,3,3,3,3,3,3,3,36,3,3,3,3,3,3,3,3,3,3,3,3,3},
                                {0,3,3,0,3,3,0,0,0,0,3,3,3,3,3,3,3,0,0,3,3,3,3,3,3,3,3,3,3,3,3,3},
                                {0,3,3,0,3,3,0,3,3,0,3,3,3,3,3,3,0,0,0,3,3,3,3,3,3,3,3,3,3,3,3,3},
                                {0,3,3,0,3,3,0,3,3,0,3,3,3,3,3,0,0,0,0,0,3,3,3,3,3,3,3,3,3,3,3,3},
                                {0,0,0,0,3,3,0,3,3,0,3,3,3,3,0,0,0,0,0,0,3,3,3,3,3,3,3,3,3,3,3,3},
                                {0,3,3,0,3,3,0,3,3,0,3,3,3,0,0,0,0,0,0,0,3,3,3,3,3,3,3,3,3,3,3,3},
                                {0,3,3,0,3,3,0,3,3,0,3,3,36,36,36,36,36,36,36,36,36,3,3,3,3,3,3,3,3,3,3,3},
                                {0,3,3,0,3,3,0,0,0,0,3,3,20,20,20,20,20,20,20,20,20,3,3,3,3,3,3,3,3,3,3,3},
                                {3,3,3,3,3,3,3,3,3,3,3,3,20,20,18,18,20,18,18,20,20,3,3,3,3,3,3,3,3,3,3,3},
                                {3,3,3,3,3,3,3,0,0,3,3,3,20,20,18,18,20,18,18,20,20,3,3,3,3,3,3,3,3,3,3,3},
                                {3,3,3,3,3,3,0,0,0,3,3,3,20,20,20,20,20,20,20,20,20,3,3,3,3,3,3,3,3,3,3,3},
                                {3,3,3,3,3,3,0,0,0,3,3,3,20,20,20,20,20,20,20,20,20,3,3,3,3,3,3,3,3,3,3,3},
                                {3,3,3,3,3,3,36,36,36,3,3,0,20,20,20,20,20,20,20,20,20,0,3,3,3,3,3,3,3,3,3,3},
                                {3,3,3,3,3,0,0,0,0,0,0,0,0,20,20,20,20,20,20,20,0,0,0,0,0,0,3,3,3,3,3,3},
                                {3,3,3,3,3,0,0,0,0,0,0,0,0,0,20,20,20,20,20,0,0,0,0,0,0,0,0,3,3,3,3,3},
                                {3,3,3,3,3,3,0,0,0,0,0,0,0,0,0,20,20,20,0,0,0,0,0,0,0,0,0,0,3,3,3,3},
                                {3,3,3,3,3,3,3,3,3,0,0,0,0,0,0,0,20,0,0,0,0,0,0,0,3,0,0,0,3,3,3,3},
                                {3,3,3,3,3,3,3,3,3,3,0,0,0,0,0,0,0,0,0,0,0,0,0,3,3,0,0,0,3,3,3,3},
                                {3,3,3,3,3,3,3,3,3,3,0,0,0,0,0,0,0,0,0,0,0,0,0,3,3,0,0,0,3,3,3,3},
                                {3,3,3,3,3,3,3,3,3,3,0,0,0,0,0,36,36,36,0,0,0,0,0,3,3,36,36,36,3,3,3,3},
                                {3,3,3,3,3,3,3,3,3,3,0,0,0,0,0,36,0,36,0,0,0,0,0,3,3,0,0,0,3,3,3,3},
                                {3,3,3,3,3,3,3,3,3,3,0,0,0,0,0,36,36,36,0,0,0,0,0,3,3,0,0,0,3,3,3,3},
                                {3,3,3,3,3,3,3,3,3,3,0,0,0,0,0,0,0,0,0,0,0,0,0,3,3,3,0,0,3,3,3,3},
                                {3,3,3,3,3,3,3,3,3,3,0,0,0,0,0,0,3,0,0,0,0,0,0,3,3,3,3,3,3,3,3,3},
                                {3,3,3,3,3,3,3,3,3,3,0,0,0,0,0,3,3,3,0,0,0,0,0,3,3,3,3,3,3,3,3,3},
                                {3,3,3,3,3,3,3,3,3,3,0,0,0,0,0,3,3,3,0,0,0,0,0,3,3,3,3,3,3,3,3,3},
                                {3,3,3,3,3,3,3,3,3,3,0,0,0,0,0,3,3,3,0,0,0,0,0,3,3,3,3,3,3,3,3,3},
                                {3,3,3,3,3,3,3,3,3,3,0,0,0,0,0,3,3,3,0,0,0,0,0,3,3,3,3,3,3,3,3,3},
                                {3,3,3,3,3,3,3,3,3,3,3,0,0,0,3,3,3,3,3,0,0,0,3,3,3,3,3,3,3,3,3,3},
                                {3,3,3,3,3,3,3,3,3,3,3,36,36,36,3,3,3,3,3,36,36,36,3,3,3,3,3,3,3,3,3,3},
                                {3,3,3,3,3,3,3,3,0,0,3,0,0,0,3,3,3,3,3,0,0,0,3,0,0,3,3,3,3,3,3,3},
                                {3,3,3,3,3,3,3,3,0,0,0,0,0,0,3,3,3,3,3,0,0,0,0,0,0,3,3,3,3,3,3,3}
                              },
                              {
                                {3,3,3,3,3,3,3,3,3,3,3,3,3,3,3,3,3,3,36,3,3,3,3,3,3,3,3,3,3,3,3,3},
                                {0,3,3,0,3,3,0,0,0,0,3,3,3,3,3,3,3,0,0,3,3,3,22,3,3,22,3,3,22,22,22,22},
                                {0,3,3,0,3,3,0,3,3,0,3,3,3,3,3,3,0,0,0,3,3,3,22,3,3,22,3,3,22,3,3,22},
                                {0,3,3,0,3,3,0,3,3,0,3,3,3,3,3,0,0,0,0,0,3,3,22,3,3,22,3,3,22,3,3,22},
                                {0,0,0,0,3,3,0,3,3,0,3,3,3,3,0,0,0,0,0,0,3,3,22,22,22,22,3,3,22,3,3,22},
                                {0,3,3,0,3,3,0,3,3,0,3,3,3,0,0,0,0,0,0,0,3,3,22,3,3,22,3,3,22,3,3,22},
                                {0,3,3,0,3,3,0,3,3,0,3,3,36,36,36,36,36,36,36,36,36,3,22,3,3,22,3,3,22,3,3,22},
                                {0,3,3,0,3,3,0,0,0,0,3,3,20,20,20,20,20,20,20,20,20,3,22,3,3,22,3,3,22,22,22,22},
                                {3,3,3,3,3,3,3,3,3,3,3,3,20,20,18,18,20,18,18,20,20,3,3,3,3,3,3,3,3,3,3,3},
                                {3,3,3,3,0,0,3,3,3,3,3,3,20,20,18,18,20,18,18,20,20,3,3,3,3,3,3,3,3,3,3,3},
                                {3,3,3,0,0,0,3,3,3,3,3,3,20,20,20,20,20,20,20,20,20,3,3,3,3,3,3,3,3,3,3,3},
                                {3,3,3,0,0,0,3,3,3,3,3,3,20,20,20,20,20,20,20,20,20,3,3,3,3,3,3,3,3,3,3,3},
                                {3,3,3,36,36,36,3,3,3,3,3,0,20,20,20,20,20,20,20,20,20,0,3,3,3,3,3,3,3,3,3,3},
                                {3,3,3,3,3,0,0,0,0,0,0,0,0,20,20,20,20,20,20,20,0,0,0,0,0,0,3,3,3,3,3,3},
                                {3,3,3,3,3,0,0,0,0,0,0,0,0,0,20,20,20,20,20,0,0,0,0,0,0,0,0,3,3,3,3,3},
                                {3,3,3,3,3,3,0,0,0,0,0,0,0,0,0,20,20,20,0,0,0,0,0,0,0,0,0,0,3,3,3,3},
                                {3,3,3,3,3,3,3,3,3,0,0,0,0,0,0,0,20,0,0,0,0,0,0,0,3,0,0,0,3,3,3,3},
                                {3,3,3,3,3,3,3,3,3,3,0,0,0,0,0,0,0,0,0,0,0,0,0,3,3,0,0,0,3,3,3,3},
                                {3,3,3,3,3,3,3,3,3,3,0,0,0,0,0,0,0,0,0,0,0,0,0,3,3,0,0,0,3,3,3,3},
                                {3,3,3,3,3,3,3,3,3,3,0,0,0,0,0,36,36,36,0,0,0,0,0,3,3,36,36,36,3,3,3,3},
                                {3,3,3,3,3,3,3,3,3,3,0,0,0,0,0,36,0,36,0,0,0,0,0,3,3,0,0,0,3,3,3,3},
                                {3,3,3,3,3,3,3,3,3,3,0,0,0,0,0,36,36,36,0,0,0,0,0,3,3,0,0,0,3,3,3,3},
                                {3,3,3,3,3,3,3,3,3,3,0,0,0,0,0,0,0,0,0,0,0,0,0,3,3,3,0,0,3,3,3,3},
                                {3,3,3,3,3,3,3,3,3,3,0,0,0,0,0,0,3,0,0,0,0,0,0,3,3,3,3,3,3,3,3,3},
                                {3,3,3,3,3,3,3,3,3,3,0,0,0,0,0,3,3,3,0,0,0,0,0,3,3,3,3,3,3,3,3,3},
                                {3,3,3,3,3,3,3,3,3,3,0,0,0,0,0,3,3,3,0,0,0,0,0,3,3,3,3,3,3,3,3,3},
                                {3,3,3,3,3,3,3,3,3,3,0,0,0,0,0,3,3,3,0,0,0,0,0,3,3,3,3,3,3,3,3,3},
                                {3,3,3,3,3,3,3,3,3,3,0,0,0,0,0,3,3,3,0,0,0,0,0,3,3,3,3,3,3,3,3,3},
                                {3,3,3,3,3,3,3,3,3,3,3,0,0,0,3,3,3,3,3,0,0,0,3,3,3,3,3,3,3,3,3,3},
                                {3,3,3,3,3,3,3,3,3,3,3,36,36,36,3,3,3,3,3,36,36,36,3,3,3,3,3,3,3,3,3,3},
                                {3,3,3,3,3,3,3,3,0,0,3,0,0,0,3,3,3,3,3,0,0,0,3,0,0,3,3,3,3,3,3,3},
                                {3,3,3,3,3,3,3,3,0,0,0,0,0,0,3,3,3,3,3,0,0,0,0,0,0,3,3,3,3,3,3,3}
                              },
                              {
                                {3,3,3,3,3,3,3,3,3,3,3,3,3,3,3,3,3,3,36,3,3,3,3,3,3,3,3,3,3,3,3,3},
                                {0,3,3,0,3,3,0,0,0,0,3,3,3,3,3,3,3,0,0,3,3,3,22,3,3,22,3,3,22,22,22,22},
                                {0,3,3,0,3,3,0,3,3,0,3,3,3,3,3,3,0,0,0,3,3,3,22,3,3,22,3,3,22,3,3,22},
                                {0,3,3,0,3,3,0,3,3,0,3,3,3,3,3,0,0,0,0,0,3,3,22,3,3,22,3,3,22,3,3,22},
                                {0,0,0,0,3,3,0,3,3,0,3,3,3,3,0,0,0,0,0,0,3,3,22,22,22,22,3,3,22,3,3,22},
                                {0,3,3,0,3,3,0,3,3,0,3,3,3,0,0,0,0,0,0,0,3,3,22,3,3,22,3,3,22,3,3,22},
                                {0,3,3,0,3,3,0,3,3,0,3,3,36,36,36,36,36,36,36,36,36,3,22,3,3,22,3,3,22,3,3,22},
                                {0,3,3,0,3,3,0,0,0,0,3,3,20,20,20,20,20,20,20,20,20,3,22,3,3,22,3,3,22,22,22,22},
                                {3,3,3,3,3,3,3,3,3,3,3,3,20,20,18,18,20,18,18,20,20,3,3,3,3,3,3,3,3,3,3,3},
                                {3,3,3,3,3,3,0,0,3,3,3,3,20,20,18,18,20,18,18,20,20,3,3,3,3,3,3,3,3,3,3,3},
                                {3,3,3,3,3,0,0,0,3,3,3,3,20,20,20,20,20,20,20,20,20,3,3,3,3,3,3,3,3,3,3,3},
                                {3,3,3,3,3,0,0,0,3,3,3,3,20,20,20,20,20,20,20,20,20,3,3,3,3,3,3,3,3,3,3,3},
                                {3,3,3,3,3,36,36,36,3,3,3,0,20,20,20,20,20,20,20,20,20,0,3,3,3,3,3,3,3,3,3,3},
                                {3,3,3,3,3,0,0,0,0,0,0,0,0,20,20,20,20,20,20,20,0,0,0,0,0,0,3,3,3,3,3,3},
                                {3,3,3,3,3,0,0,0,0,0,0,0,0,0,20,20,20,20,20,0,0,0,0,0,0,0,0,3,3,3,3,3},
                                {3,3,3,3,3,3,0,0,0,0,0,0,0,0,0,20,20,20,0,0,0,0,0,0,0,0,0,0,3,3,3,3},
                                {3,3,3,3,3,3,3,3,3,0,0,0,0,0,0,0,20,0,0,0,0,0,0,0,3,0,0,0,3,3,3,3},
                                {3,3,3,3,3,3,3,3,3,3,0,0,0,0,0,0,0,0,0,0,0,0,0,3,3,0,0,0,3,3,3,3},
                                {3,3,3,3,3,3,3,3,3,3,0,0,0,0,0,0,0,0,0,0,0,0,0,3,3,0,0,0,3,3,3,3},
                                {3,3,3,3,3,3,3,3,3,3,0,0,0,0,0,36,36,36,0,0,0,0,0,3,3,36,36,36,3,3,3,3},
                                {0,3,3,0,3,0,0,0,0,3,0,0,0,0,0,36,0,36,0,0,0,0,0,3,3,0,0,0,3,3,3,3},
                                {0,3,3,0,3,0,3,3,0,3,0,0,0,0,0,36,36,36,0,0,0,0,0,3,3,0,0,0,3,3,3,3},
                                {0,3,3,0,3,0,3,3,0,3,0,0,0,0,0,0,0,0,0,0,0,0,0,3,3,3,0,0,3,3,3,3},
                                {0,0,0,0,3,0,3,3,0,3,0,0,0,0,0,0,3,0,0,0,0,0,0,3,3,3,3,3,3,3,3,3},
                                {0,3,3,0,3,0,3,3,0,3,0,0,0,0,0,3,3,3,0,0,0,0,0,3,3,3,3,3,3,3,3,3},
                                {0,3,3,0,3,0,3,3,0,3,0,0,0,0,0,3,3,3,0,0,0,0,0,3,3,3,3,3,3,3,3,3},
                                {0,3,3,0,3,0,0,0,0,3,0,0,0,0,0,3,3,3,0,0,0,0,0,3,3,3,3,3,3,3,3,3},
                                {3,3,3,3,3,3,3,3,3,3,0,0,0,0,0,3,3,3,0,0,0,0,0,3,3,3,3,3,3,3,3,3},
                                {3,3,3,3,3,3,3,3,3,3,3,0,0,0,3,3,3,3,3,0,0,0,3,3,3,3,3,3,3,3,3,3},
                                {3,3,3,3,3,3,3,3,3,3,3,36,36,36,3,3,3,3,3,36,36,36,3,3,3,3,3,3,3,3,3,3},
                                {3,3,3,3,3,3,3,3,0,0,3,0,0,0,3,3,3,3,3,0,0,0,3,0,0,3,3,3,3,3,3,3},
                                {3,3,3,3,3,3,3,3,0,0,0,0,0,0,3,3,3,3,3,0,0,0,0,0,0,3,3,3,3,3,3,3}
                              }
                           };

int brightnessB[numImages][32][32] = {
                              {
                                {3,3,3,3,3,3,3,3,3,3,3,3,3,3,3,3,3,3,36,3,3,3,3,3,3,3,3,3,3,3,3,3},
                                {3,3,3,3,3,3,3,3,3,3,3,3,3,3,3,3,3,0,0,3,3,3,3,3,3,3,3,3,3,3,3,3},
                                {3,3,3,3,3,3,3,3,3,3,3,3,3,3,3,3,0,0,0,3,3,3,3,3,3,3,3,3,3,3,3,3},
                                {3,3,3,3,3,3,3,3,3,3,3,3,3,3,3,0,0,0,0,0,3,3,3,3,3,3,3,3,3,3,3,3},
                                {3,3,3,3,3,3,3,3,3,3,3,3,3,3,0,0,0,0,0,0,3,3,3,3,3,3,3,3,3,3,3,3},
                                {3,3,3,3,3,3,3,3,3,3,3,3,3,0,0,0,0,0,0,0,3,3,3,3,3,3,3,3,3,3,3,3},
                                {3,3,3,3,3,3,3,3,3,3,3,3,36,36,36,36,36,36,36,36,36,3,3,3,3,3,3,3,3,3,3,3},
                                {3,3,3,3,3,3,3,3,3,3,3,3,20,20,20,20,20,20,20,20,20,3,3,3,3,3,3,3,3,3,3,3},
                                {3,3,3,3,3,3,3,3,3,3,3,3,20,20,20,20,20,26,26,20,20,3,3,3,3,3,3,3,3,3,3,3},
                                {3,3,3,3,3,0,0,3,3,3,3,3,20,20,20,20,20,26,26,20,20,3,3,3,3,3,3,3,3,3,3,3},
                                {3,3,3,3,0,0,0,3,3,3,3,3,20,20,20,20,20,20,20,20,20,3,3,3,3,3,3,3,3,3,3,3},
                                {3,3,3,3,0,0,0,3,3,3,3,3,20,20,20,20,20,20,20,20,20,3,3,3,3,3,3,3,3,3,3,3},
                                {3,3,3,3,36,36,36,3,3,3,3,0,20,20,20,20,20,20,20,20,20,0,3,3,3,3,3,3,3,3,3,3},
                                {3,3,3,3,3,0,0,0,0,0,0,0,0,20,20,20,20,20,20,20,0,0,0,0,0,0,3,3,3,3,3,3},
                                {3,3,3,3,3,0,0,0,0,0,0,0,0,0,20,20,20,20,20,0,0,0,0,0,0,0,0,3,3,3,3,3},
                                {3,3,3,3,3,3,0,0,0,0,0,0,0,0,0,20,20,20,0,0,0,0,0,0,0,0,0,0,3,3,3,3},
                                {3,3,3,3,3,3,3,3,3,0,0,0,0,0,0,0,20,0,0,0,0,0,0,0,3,0,0,0,3,3,3,3},
                                {3,3,3,3,3,3,3,3,3,3,0,0,0,0,0,0,0,0,0,0,0,0,0,3,3,0,0,0,3,3,3,3},
                                {3,3,3,3,3,3,3,3,3,3,0,0,0,0,0,0,0,0,0,0,0,0,0,3,3,0,0,0,3,3,3,3},
                                {3,3,3,3,3,3,3,3,3,3,0,0,0,0,0,1,1,1,0,0,0,0,0,3,3,36,36,36,3,3,3,3},
                                {3,3,3,3,3,3,3,3,3,3,0,0,0,0,0,1,0,1,0,0,0,0,0,3,3,0,0,0,3,3,3,3},
                                {3,3,3,3,3,3,3,3,3,3,0,0,0,0,0,1,1,1,0,0,0,0,0,3,3,0,0,0,3,3,3,3},
                                {3,3,3,3,3,3,3,3,3,3,0,0,0,0,0,0,0,0,0,0,0,0,0,3,3,3,0,0,3,3,3,3},
                                {3,3,3,3,3,3,3,3,3,3,0,0,0,0,0,0,3,0,0,0,0,0,0,3,3,3,3,3,3,3,3,3},
                                {3,3,3,3,3,3,3,3,3,3,0,0,0,0,0,3,3,3,0,0,0,0,0,3,3,3,3,3,3,3,3,3},
                                {3,3,3,3,3,3,3,3,3,3,0,0,0,0,0,3,3,3,0,0,0,0,0,3,3,3,3,3,3,3,3,3},
                                {3,3,3,3,3,3,3,3,3,3,0,0,0,0,0,3,3,3,0,0,0,0,0,3,3,3,3,3,3,3,3,3},
                                {3,3,3,3,3,3,3,3,3,3,0,0,0,0,0,3,3,3,0,0,0,0,0,3,3,3,3,3,3,3,3,3},
                                {3,3,3,3,3,3,3,3,3,3,3,0,0,0,3,3,3,3,3,0,0,0,3,3,3,3,3,3,3,3,3,3},
                                {3,3,3,3,3,3,3,3,3,3,3,36,36,36,3,3,3,3,3,36,36,36,3,3,3,3,3,3,3,3,3,3},
                                {3,3,3,3,3,3,3,3,0,0,3,0,0,0,3,3,3,3,3,0,0,0,3,0,0,3,3,3,3,3,3,3},
                                {3,3,3,3,3,3,3,3,0,0,0,0,0,0,3,3,3,3,3,0,0,0,0,0,0,3,3,3,3,3,3,3}
                              },
                              {
                                {3,3,3,3,3,3,3,3,3,3,3,3,3,3,3,3,3,3,36,3,3,3,3,3,3,3,3,3,3,3,3,3},
                                {36,3,3,36,3,3,36,36,36,36,3,3,3,3,3,3,3,0,0,3,3,3,3,3,3,3,3,3,3,3,3,3},
                                {36,3,3,36,3,3,36,3,3,36,3,3,3,3,3,3,0,0,0,3,3,3,3,3,3,3,3,3,3,3,3,3},
                                {36,3,3,36,3,3,36,3,3,36,3,3,3,3,3,0,0,0,0,0,3,3,3,3,3,3,3,3,3,3,3,3},
                                {36,36,36,36,3,3,36,3,3,36,3,3,3,3,0,0,0,0,0,0,3,3,3,3,3,3,3,3,3,3,3,3},
                                {36,3,3,36,3,3,36,3,3,36,3,3,3,0,0,0,0,0,0,0,3,3,3,3,3,3,3,3,3,3,3,3},
                                {36,3,3,36,3,3,36,3,3,36,3,3,36,36,36,36,36,36,36,36,36,3,3,3,3,3,3,3,3,3,3,3},
                                {36,3,3,36,3,3,36,36,36,36,3,3,20,20,20,20,20,20,20,20,20,3,3,3,3,3,3,3,3,3,3,3},
                                {3,3,3,3,3,3,3,3,3,3,3,3,20,20,26,26,20,26,26,20,20,3,3,3,3,3,3,3,3,3,3,3},
                                {3,3,3,3,3,3,3,0,0,3,3,3,20,20,26,26,20,26,26,20,20,3,3,3,3,3,3,3,3,3,3,3},
                                {3,3,3,3,3,3,0,0,0,3,3,3,20,20,20,20,20,20,20,20,20,3,3,3,3,3,3,3,3,3,3,3},
                                {3,3,3,3,3,3,0,0,0,3,3,3,20,20,20,20,20,20,20,20,20,3,3,3,3,3,3,3,3,3,3,3},
                                {3,3,3,3,3,3,36,36,36,3,3,0,20,20,20,20,20,20,20,20,20,0,3,3,3,3,3,3,3,3,3,3},
                                {3,3,3,3,3,0,0,0,0,0,0,0,0,20,20,20,20,20,20,20,0,0,0,0,0,0,3,3,3,3,3,3},
                                {3,3,3,3,3,0,0,0,0,0,0,0,0,0,20,20,20,20,20,0,0,0,0,0,0,0,0,3,3,3,3,3},
                                {3,3,3,3,3,3,0,0,0,0,0,0,0,0,0,20,20,20,0,0,0,0,0,0,0,0,0,0,3,3,3,3},
                                {3,3,3,3,3,3,3,3,3,0,0,0,0,0,0,0,20,0,0,0,0,0,0,0,3,0,0,0,3,3,3,3},
                                {3,3,3,3,3,3,3,3,3,3,0,0,0,0,0,0,0,0,0,0,0,0,0,3,3,0,0,0,3,3,3,3},
                                {3,3,3,3,3,3,3,3,3,3,0,0,0,0,0,0,0,0,0,0,0,0,0,3,3,0,0,0,3,3,3,3},
                                {3,3,3,3,3,3,3,3,3,3,0,0,0,0,0,1,1,1,0,0,0,0,0,3,3,36,36,36,3,3,3,3},
                                {3,3,3,3,3,3,3,3,3,3,0,0,0,0,0,1,0,1,0,0,0,0,0,3,3,0,0,0,3,3,3,3},
                                {3,3,3,3,3,3,3,3,3,3,0,0,0,0,0,1,1,1,0,0,0,0,0,3,3,0,0,0,3,3,3,3},
                                {3,3,3,3,3,3,3,3,3,3,0,0,0,0,0,0,0,0,0,0,0,0,0,3,3,3,0,0,3,3,3,3},
                                {3,3,3,3,3,3,3,3,3,3,0,0,0,0,0,0,3,0,0,0,0,0,0,3,3,3,3,3,3,3,3,3},
                                {3,3,3,3,3,3,3,3,3,3,0,0,0,0,0,3,3,3,0,0,0,0,0,3,3,3,3,3,3,3,3,3},
                                {3,3,3,3,3,3,3,3,3,3,0,0,0,0,0,3,3,3,0,0,0,0,0,3,3,3,3,3,3,3,3,3},
                                {3,3,3,3,3,3,3,3,3,3,0,0,0,0,0,3,3,3,0,0,0,0,0,3,3,3,3,3,3,3,3,3},
                                {3,3,3,3,3,3,3,3,3,3,0,0,0,0,0,3,3,3,0,0,0,0,0,3,3,3,3,3,3,3,3,3},
                                {3,3,3,3,3,3,3,3,3,3,3,0,0,0,3,3,3,3,3,0,0,0,3,3,3,3,3,3,3,3,3,3},
                                {3,3,3,3,3,3,3,3,3,3,3,36,36,36,3,3,3,3,3,36,36,36,3,3,3,3,3,3,3,3,3,3},
                                {3,3,3,3,3,3,3,3,0,0,3,0,0,0,3,3,3,3,3,0,0,0,3,0,0,3,3,3,3,3,3,3},
                                {3,3,3,3,3,3,3,3,0,0,0,0,0,0,3,3,3,3,3,0,0,0,0,0,0,3,3,3,3,3,3,3}
                              },
                              {
                                {3,3,3,3,3,3,3,3,3,3,3,3,3,3,3,3,3,3,36,3,3,3,3,3,3,3,3,3,3,3,3,3},
                                {36,3,3,36,3,3,36,36,36,36,3,3,3,3,3,3,3,0,0,3,3,3,0,3,3,0,3,3,0,0,0,0},
                                {36,3,3,36,3,3,36,3,3,36,3,3,3,3,3,3,0,0,0,3,3,3,0,3,3,0,3,3,0,3,3,0},
                                {36,3,3,36,3,3,36,3,3,36,3,3,3,3,3,0,0,0,0,0,3,3,0,3,3,0,3,3,0,3,3,0},
                                {36,36,36,36,3,3,36,3,3,36,3,3,3,3,0,0,0,0,0,0,3,3,0,0,0,0,3,3,0,3,3,0},
                                {36,3,3,36,3,3,36,3,3,36,3,3,3,0,0,0,0,0,0,0,3,3,0,3,3,0,3,3,0,3,3,0},
                                {36,3,3,36,3,3,36,3,3,36,3,3,36,36,36,36,36,36,36,36,36,3,0,3,3,0,3,3,0,3,3,0},
                                {36,3,3,36,3,3,36,36,36,36,3,3,20,20,20,20,20,20,20,20,20,3,0,3,3,0,3,3,0,0,0,0},
                                {3,3,3,3,3,3,3,3,3,3,3,3,20,20,26,26,20,26,26,20,20,3,3,3,3,3,3,3,3,3,3,3},
                                {3,3,3,3,0,0,3,3,3,3,3,3,20,20,26,26,20,26,26,20,20,3,3,3,3,3,3,3,3,3,3,3},
                                {3,3,3,0,0,0,3,3,3,3,3,3,20,20,20,20,20,20,20,20,20,3,3,3,3,3,3,3,3,3,3,3},
                                {3,3,3,0,0,0,3,3,3,3,3,3,20,20,20,20,20,20,20,20,20,3,3,3,3,3,3,3,3,3,3,3},
                                {3,3,3,36,36,36,3,3,3,3,3,0,20,20,20,20,20,20,20,20,20,0,3,3,3,3,3,3,3,3,3,3},
                                {3,3,3,3,3,0,0,0,0,0,0,0,0,20,20,20,20,20,20,20,0,0,0,0,0,0,3,3,3,3,3,3},
                                {3,3,3,3,3,0,0,0,0,0,0,0,0,0,20,20,20,20,20,0,0,0,0,0,0,0,0,3,3,3,3,3},
                                {3,3,3,3,3,3,0,0,0,0,0,0,0,0,0,20,20,20,0,0,0,0,0,0,0,0,0,0,3,3,3,3},
                                {3,3,3,3,3,3,3,3,3,0,0,0,0,0,0,0,20,0,0,0,0,0,0,0,3,0,0,0,3,3,3,3},
                                {3,3,3,3,3,3,3,3,3,3,0,0,0,0,0,0,0,0,0,0,0,0,0,3,3,0,0,0,3,3,3,3},
                                {3,3,3,3,3,3,3,3,3,3,0,0,0,0,0,0,0,0,0,0,0,0,0,3,3,0,0,0,3,3,3,3},
                                {3,3,3,3,3,3,3,3,3,3,0,0,0,0,0,1,1,1,0,0,0,0,0,3,3,36,36,36,3,3,3,3},
                                {3,3,3,3,3,3,3,3,3,3,0,0,0,0,0,1,0,1,0,0,0,0,0,3,3,0,0,0,3,3,3,3},
                                {3,3,3,3,3,3,3,3,3,3,0,0,0,0,0,1,1,1,0,0,0,0,0,3,3,0,0,0,3,3,3,3},
                                {3,3,3,3,3,3,3,3,3,3,0,0,0,0,0,0,0,0,0,0,0,0,0,3,3,3,0,0,3,3,3,3},
                                {3,3,3,3,3,3,3,3,3,3,0,0,0,0,0,0,3,0,0,0,0,0,0,3,3,3,3,3,3,3,3,3},
                                {3,3,3,3,3,3,3,3,3,3,0,0,0,0,0,3,3,3,0,0,0,0,0,3,3,3,3,3,3,3,3,3},
                                {3,3,3,3,3,3,3,3,3,3,0,0,0,0,0,3,3,3,0,0,0,0,0,3,3,3,3,3,3,3,3,3},
                                {3,3,3,3,3,3,3,3,3,3,0,0,0,0,0,3,3,3,0,0,0,0,0,3,3,3,3,3,3,3,3,3},
                                {3,3,3,3,3,3,3,3,3,3,0,0,0,0,0,3,3,3,0,0,0,0,0,3,3,3,3,3,3,3,3,3},
                                {3,3,3,3,3,3,3,3,3,3,3,0,0,0,3,3,3,3,3,0,0,0,3,3,3,3,3,3,3,3,3,3},
                                {3,3,3,3,3,3,3,3,3,3,3,36,36,36,3,3,3,3,3,36,36,36,3,3,3,3,3,3,3,3,3,3},
                                {3,3,3,3,3,3,3,3,0,0,3,0,0,0,3,3,3,3,3,0,0,0,3,0,0,3,3,3,3,3,3,3},
                                {3,3,3,3,3,3,3,3,0,0,0,0,0,0,3,3,3,3,3,0,0,0,0,0,0,3,3,3,3,3,3,3}
                              },
                              {
                                {3,3,3,3,3,3,3,3,3,3,3,3,3,3,3,3,3,3,36,3,3,3,3,3,3,3,3,3,3,3,3,3},
                                {36,3,3,36,3,3,36,36,36,36,3,3,3,3,3,3,3,0,0,3,3,3,0,3,3,0,3,3,0,0,0,0},
                                {36,3,3,36,3,3,36,3,3,36,3,3,3,3,3,3,0,0,0,3,3,3,0,3,3,0,3,3,0,3,3,0},
                                {36,3,3,36,3,3,36,3,3,36,3,3,3,3,3,0,0,0,0,0,3,3,0,3,3,0,3,3,0,3,3,0},
                                {36,36,36,36,3,3,36,3,3,36,3,3,3,3,0,0,0,0,0,0,3,3,0,0,0,0,3,3,0,3,3,0},
                                {36,3,3,36,3,3,36,3,3,36,3,3,3,0,0,0,0,0,0,0,3,3,0,3,3,0,3,3,0,3,3,0},
                                {36,3,3,36,3,3,36,3,3,36,3,3,36,36,36,36,36,36,36,36,36,3,0,3,3,0,3,3,0,3,3,0},
                                {36,3,3,36,3,3,36,36,36,36,3,3,20,20,20,20,20,20,20,20,20,3,0,3,3,0,3,3,0,0,0,0},
                                {3,3,3,3,3,3,3,3,3,3,3,3,20,20,26,26,20,26,26,20,20,3,3,3,3,3,3,3,3,3,3,3},
                                {3,3,3,3,3,3,0,0,3,3,3,3,20,20,26,26,20,26,26,20,20,3,3,3,3,3,3,3,3,3,3,3},
                                {3,3,3,3,3,0,0,0,3,3,3,3,20,20,20,20,20,20,20,20,20,3,3,3,3,3,3,3,3,3,3,3},
                                {3,3,3,3,3,0,0,0,3,3,3,3,20,20,20,20,20,20,20,20,20,3,3,3,3,3,3,3,3,3,3,3},
                                {3,3,3,3,3,36,36,36,3,3,3,0,20,20,20,20,20,20,20,20,20,0,3,3,3,3,3,3,3,3,3,3},
                                {3,3,3,3,3,0,0,0,0,0,0,0,0,20,20,20,20,20,20,20,0,0,0,0,0,0,3,3,3,3,3,3},
                                {3,3,3,3,3,0,0,0,0,0,0,0,0,0,20,20,20,20,20,0,0,0,0,0,0,0,0,3,3,3,3,3},
                                {3,3,3,3,3,3,0,0,0,0,0,0,0,0,0,20,20,20,0,0,0,0,0,0,0,0,0,0,3,3,3,3},
                                {3,3,3,3,3,3,3,3,3,0,0,0,0,0,0,0,20,0,0,0,0,0,0,0,3,0,0,0,3,3,3,3},
                                {3,3,3,3,3,3,3,3,3,3,0,0,0,0,0,0,0,0,0,0,0,0,0,3,3,0,0,0,3,3,3,3},
                                {3,3,3,3,3,3,3,3,3,3,0,0,0,0,0,0,0,0,0,0,0,0,0,3,3,0,0,0,3,3,3,3},
                                {3,3,3,3,3,3,3,3,3,3,0,0,0,0,0,1,1,1,0,0,0,0,0,3,3,36,36,36,3,3,3,3},
                                {3,3,3,3,3,3,3,3,3,3,0,0,0,0,0,1,0,1,0,0,0,0,0,3,3,0,0,0,3,3,3,3},
                                {3,3,3,3,3,3,3,3,3,3,0,0,0,0,0,1,1,1,0,0,0,0,0,3,3,0,0,0,3,3,3,3},
                                {3,3,3,3,3,3,3,3,3,3,0,0,0,0,0,0,0,0,0,0,0,0,0,3,3,3,0,0,3,3,3,3},
                                {3,3,3,3,3,3,3,3,3,3,0,0,0,0,0,0,3,0,0,0,0,0,0,3,3,3,3,3,3,3,3,3},
                                {3,3,3,3,3,3,3,3,3,3,0,0,0,0,0,3,3,3,0,0,0,0,0,3,3,3,3,3,3,3,3,3},
                                {3,3,3,3,3,3,3,3,3,3,0,0,0,0,0,3,3,3,0,0,0,0,0,3,3,3,3,3,3,3,3,3},
                                {3,3,3,3,3,3,3,3,3,3,0,0,0,0,0,3,3,3,0,0,0,0,0,3,3,3,3,3,3,3,3,3},
                                {3,3,3,3,3,3,3,3,3,3,0,0,0,0,0,3,3,3,0,0,0,0,0,3,3,3,3,3,3,3,3,3},
                                {3,3,3,3,3,3,3,3,3,3,3,0,0,0,3,3,3,3,3,0,0,0,3,3,3,3,3,3,3,3,3,3},
                                {3,3,3,3,3,3,3,3,3,3,3,36,36,36,3,3,3,3,3,36,36,36,3,3,3,3,3,3,3,3,3,3},
                                {3,3,3,3,3,3,3,3,0,0,3,0,0,0,3,3,3,3,3,0,0,0,3,0,0,3,3,3,3,3,3,3},
                                {3,3,3,3,3,3,3,3,0,0,0,0,0,0,3,3,3,3,3,0,0,0,0,0,0,3,3,3,3,3,3,3}
                              }
                           };

