int brightnessR[32][32] = { 
                              {0, 0, 0, 0, 0, 0, 0, 0, 0, 0, 0, 0, 0, 0, 0, 0, 0, 0, 0, 0, 0, 0, 0, 0, 0, 0, 0, 0, 0, 0, 0, 0},
                              {0, 0, 0, 0, 0, 0, 0, 0, 0, 0, 0, 0, 0, 3, 3, 3, 3, 3, 3, 0, 0, 0, 0, 0, 0, 0, 0, 0, 0, 0, 0, 0},
                              {0, 0, 0, 0, 0, 0, 0, 0, 0, 0, 0, 0, 3, 3, 3, 3, 3, 3, 19, 3, 0, 0, 0, 0, 0, 0, 0, 0, 0, 0, 0, 0},
                              {0, 0, 0, 0, 0, 0, 0, 0, 0, 0, 0, 0, 3, 3, 3, 3, 3, 19, 22, 19, 0, 0, 0, 0, 0, 0, 0, 0, 0, 0, 0, 0},
                              {0, 0, 0, 0, 0, 0, 0, 0, 0, 0, 0, 0, 3, 3, 3, 3, 3, 3, 19, 3, 0, 0, 0, 0, 0, 0, 0, 0, 0, 0, 0, 0},
                              {0, 0, 0, 0, 0, 0, 0, 0, 0, 0, 0, 0, 3, 3, 3, 3, 3, 3, 3, 3, 0, 0, 0, 0, 0, 0, 0, 0, 0, 0, 0, 0},
                              {0, 0, 0, 0, 0, 0, 0, 0, 0, 0, 3, 3, 3, 3, 3, 3, 3, 3, 3, 3, 3, 3, 0, 0, 0, 0, 0, 0, 0, 0, 0, 0},
                              {0, 0, 0, 0, 0, 0, 0, 0, 0, 0, 0, 0, 25, 25, 25, 25, 25, 25, 25, 25, 0, 0, 0, 0, 0, 0, 0, 0, 0, 0, 0, 0},
                              {0, 0, 0, 0, 0, 0, 0, 0, 0, 0, 0, 25, 25, 25, 25, 25, 25, 25, 25, 25, 25, 0, 0, 0, 0, 0, 0, 0, 0, 0, 0, 0},
                              {0, 0, 0, 0, 0, 0, 0, 0, 0, 0, 25, 25, 25, 25, 25, 25, 25, 25, 25, 25, 25, 25, 0, 0, 0, 0, 0, 0, 0, 0, 0, 0},
                              {0, 0, 0, 0, 0, 0, 0, 0, 0, 0, 25, 25, 25, 0, 0, 25, 25, 0, 0, 25, 25, 25, 0, 0, 0, 0, 0, 0, 0, 0, 0, 0},
                              {0, 0, 0, 0, 0, 0, 0, 0, 0, 0, 25, 25, 25, 25, 25, 20, 25, 25, 25, 25, 25, 25, 0, 0, 0, 0, 0, 0, 0, 0, 0, 0},
                              {0, 0, 0, 0, 0, 0, 0, 0, 0, 0, 25, 25, 25, 25, 20, 25, 25, 25, 25, 25, 25, 25, 0, 0, 0, 0, 0, 0, 0, 0, 0, 0},
                              {0, 0, 0, 0, 0, 0, 0, 0, 0, 0, 25, 25, 25, 20, 25, 25, 25, 25, 25, 25, 25, 25, 0, 0, 0, 0, 0, 0, 0, 0, 0, 0},
                              {0, 0, 0, 0, 0, 0, 0, 0, 0, 0, 0, 25, 25, 25, 25, 0, 0, 25, 25, 25, 25, 0, 0, 0, 0, 0, 0, 0, 0, 0, 0, 0},
                              {0, 0, 0, 0, 0, 14, 0, 0, 0, 0, 0, 0, 25, 25, 25, 25, 25, 25, 25, 25, 0, 0, 0, 0, 0, 0, 14, 0, 0, 0, 0, 0},
                              {0, 0, 0, 0, 0, 0, 14, 0, 0, 0, 0, 0, 25, 25, 25, 25, 25, 25, 25, 25, 0, 0, 0, 0, 0, 14, 0, 0, 0, 0, 0, 0},
                              {0, 0, 0, 0, 0, 0, 0, 14, 0, 0, 25, 25, 25, 25, 25, 25, 25, 25, 25, 25, 25, 25, 0, 0, 14, 0, 0, 0, 0, 0, 0, 0},
                              {0, 0, 0, 0, 0, 0, 0, 0, 14, 25, 25, 25, 25, 25, 25, 24, 24, 25, 25, 25, 25, 25, 25, 14, 0, 0, 0, 0, 0, 0, 0, 0},
                              {0, 0, 0, 0, 0, 0, 0, 0, 25, 25, 25, 25, 25, 25, 25, 25, 25, 25, 25, 25, 25, 25, 25, 25, 0, 0, 0, 0, 0, 0, 0, 0},
                              {0, 0, 0, 0, 0, 0, 0, 25, 25, 25, 25, 25, 25, 25, 25, 25, 25, 25, 25, 25, 25, 25, 25, 25, 25, 0, 0, 0, 0, 0, 0, 0},
                              {0, 0, 0, 0, 0, 0, 0, 25, 25, 25, 25, 25, 25, 25, 25, 25, 25, 25, 25, 25, 25, 25, 25, 25, 25, 0, 0, 0, 0, 0, 0, 0},
                              {0, 0, 0, 0, 0, 0, 25, 25, 25, 25, 25, 25, 25, 25, 25, 24, 24, 25, 25, 25, 25, 25, 25, 25, 25, 25, 0, 0, 0, 0, 0, 0},
                              {0, 0, 0, 0, 0, 0, 25, 25, 25, 25, 25, 25, 25, 25, 25, 25, 25, 25, 25, 25, 25, 25, 25, 25, 25, 25, 0, 0, 0, 0, 0, 0},
                              {0, 0, 0, 0, 0, 0, 25, 25, 25, 25, 25, 25, 25, 25, 25, 25, 25, 25, 25, 25, 25, 25, 25, 25, 25, 25, 0, 0, 0, 0, 0, 0},
                              {0, 0, 0, 0, 0, 0, 25, 25, 25, 25, 25, 25, 25, 25, 25, 25, 25, 25, 25, 25, 25, 25, 25, 25, 25, 25, 0, 0, 0, 0, 0, 0},
                              {0, 0, 0, 0, 0, 0, 0, 25, 25, 25, 25, 25, 25, 25, 25, 24, 24, 25, 25, 25, 25, 25, 25, 25, 25, 0, 0, 0, 0, 0, 0, 0},
                              {0, 0, 0, 0, 0, 0, 0, 25, 25, 25, 25, 25, 25, 25, 25, 25, 25, 25, 25, 25, 25, 25, 25, 25, 25, 0, 0, 0, 0, 0, 0, 0},
                              {0, 0, 0, 0, 0, 0, 0, 0, 25, 25, 25, 25, 25, 25, 25, 25, 25, 25, 25, 25, 25, 25, 25, 25, 0, 0, 0, 0, 0, 0, 0, 0},
                              {0, 0, 0, 0, 0, 0, 0, 0, 0, 25, 25, 25, 25, 25, 25, 25, 25, 25, 25, 25, 25, 25, 25, 0, 0, 0, 0, 0, 0, 0, 0, 0},
                              {0, 0, 0, 0, 0, 0, 0, 0, 0, 0, 25, 25, 25, 25, 25, 25, 25, 25, 25, 25, 25, 25, 0, 0, 0, 0, 0, 0, 0, 0, 0, 0},
                              {0, 0, 0, 0, 0, 0, 0, 0, 0, 0, 0, 25, 25, 25, 25, 25, 25, 25, 25, 25, 25, 0, 0, 0, 0, 0, 0, 0, 0, 0, 0, 0}
                           };

int brightnessG[32][32] = { 
                              {0, 0, 0, 0, 0, 0, 0, 0, 0, 0, 0, 0, 0, 0, 0, 0, 0, 0, 0, 0, 0, 0, 0, 0, 0, 0, 0, 0, 0, 0, 0, 0},
                              {0, 0, 0, 0, 0, 0, 0, 0, 0, 0, 0, 0, 0, 15, 15, 15, 15, 15, 15, 0, 0, 0, 0, 0, 0, 0, 0, 0, 0, 0, 0, 0},
                              {0, 0, 0, 0, 0, 0, 0, 0, 0, 0, 0, 0, 15, 15, 15, 15, 15, 15, 2, 15, 0, 0, 0, 0, 0, 0, 0, 0, 0, 0, 0, 0},
                              {0, 0, 0, 0, 0, 0, 0, 0, 0, 0, 0, 0, 15, 15, 15, 15, 15, 2, 22, 2, 0, 0, 0, 0, 0, 0, 0, 0, 0, 0, 0, 0},
                              {0, 0, 0, 0, 0, 0, 0, 0, 0, 0, 0, 0, 15, 15, 15, 15, 15, 15, 2, 15, 0, 0, 0, 0, 0, 0, 0, 0, 0, 0, 0, 0},
                              {0, 0, 0, 0, 0, 0, 0, 0, 0, 0, 0, 0, 15, 15, 15, 15, 15, 15, 15, 15, 0, 0, 0, 0, 0, 0, 0, 0, 0, 0, 0, 0},
                              {0, 0, 0, 0, 0, 0, 0, 0, 0, 0, 15, 15, 15, 15, 15, 15, 15, 15, 15, 15, 15, 15, 0, 0, 0, 0, 0, 0, 0, 0, 0, 0},
                              {0, 0, 0, 0, 0, 0, 0, 0, 0, 0, 0, 0, 25, 25, 25, 25, 25, 25, 25, 25, 0, 0, 0, 0, 0, 0, 0, 0, 0, 0, 0, 0},
                              {0, 0, 0, 0, 0, 0, 0, 0, 0, 0, 0, 25, 25, 25, 25, 25, 25, 25, 25, 25, 25, 0, 0, 0, 0, 0, 0, 0, 0, 0, 0, 0},
                              {0, 0, 0, 0, 0, 0, 0, 0, 0, 0, 25, 25, 25, 25, 25, 25, 25, 25, 25, 25, 25, 25, 0, 0, 0, 0, 0, 0, 0, 0, 0, 0},
                              {0, 0, 0, 0, 0, 0, 0, 0, 0, 0, 25, 25, 25, 0, 0, 25, 25, 0, 0, 25, 25, 25, 0, 0, 0, 0, 0, 0, 0, 0, 0, 0},
                              {0, 0, 0, 0, 0, 0, 0, 0, 0, 0, 25, 25, 25, 25, 25, 12, 25, 25, 25, 25, 25, 25, 0, 0, 0, 0, 0, 0, 0, 0, 0, 0},
                              {0, 0, 0, 0, 0, 0, 0, 0, 0, 0, 25, 25, 25, 25, 12, 25, 25, 25, 25, 25, 25, 25, 0, 0, 0, 0, 0, 0, 0, 0, 0, 0},
                              {0, 0, 0, 0, 0, 0, 0, 0, 0, 0, 25, 25, 25, 12, 25, 25, 25, 25, 25, 25, 25, 25, 0, 0, 0, 0, 0, 0, 0, 0, 0, 0},
                              {0, 0, 0, 0, 0, 0, 0, 0, 0, 0, 0, 25, 25, 25, 25, 0, 0, 25, 25, 25, 25, 0, 0, 0, 0, 0, 0, 0, 0, 0, 0, 0},
                              {0, 0, 0, 0, 0, 8, 0, 0, 0, 0, 0, 0, 25, 25, 25, 25, 25, 25, 25, 25, 0, 0, 0, 0, 0, 0, 8, 0, 0, 0, 0, 0},
                              {0, 0, 0, 0, 0, 0, 8, 0, 0, 0, 0, 0, 25, 25, 25, 25, 25, 25, 25, 25, 0, 0, 0, 0, 0, 8, 0, 0, 0, 0, 0, 0},
                              {0, 0, 0, 0, 0, 0, 0, 8, 0, 0, 25, 25, 25, 25, 25, 25, 25, 25, 25, 25, 25, 25, 0, 0, 8, 0, 0, 0, 0, 0, 0, 0},
                              {0, 0, 0, 0, 0, 0, 0, 0, 8, 25, 25, 25, 25, 25, 25, 0, 0, 25, 25, 25, 25, 25, 25, 8, 0, 0, 0, 0, 0, 0, 0, 0},
                              {0, 0, 0, 0, 0, 0, 0, 0, 25, 25, 25, 25, 25, 25, 25, 25, 25, 25, 25, 25, 25, 25, 25, 25, 0, 0, 0, 0, 0, 0, 0, 0},
                              {0, 0, 0, 0, 0, 0, 0, 25, 25, 25, 25, 25, 25, 25, 25, 25, 25, 25, 25, 25, 25, 25, 25, 25, 25, 0, 0, 0, 0, 0, 0, 0},
                              {0, 0, 0, 0, 0, 0, 0, 25, 25, 25, 25, 25, 25, 25, 25, 25, 25, 25, 25, 25, 25, 25, 25, 25, 25, 0, 0, 0, 0, 0, 0, 0},
                              {0, 0, 0, 0, 0, 0, 25, 25, 25, 25, 25, 25, 25, 25, 25, 0, 0, 25, 25, 25, 25, 25, 25, 25, 25, 25, 0, 0, 0, 0, 0, 0},
                              {0, 0, 0, 0, 0, 0, 25, 25, 25, 25, 25, 25, 25, 25, 25, 25, 25, 25, 25, 25, 25, 25, 25, 25, 25, 25, 0, 0, 0, 0, 0, 0},
                              {0, 0, 0, 0, 0, 0, 25, 25, 25, 25, 25, 25, 25, 25, 25, 25, 25, 25, 25, 25, 25, 25, 25, 25, 25, 25, 0, 0, 0, 0, 0, 0},
                              {0, 0, 0, 0, 0, 0, 25, 25, 25, 25, 25, 25, 25, 25, 25, 25, 25, 25, 25, 25, 25, 25, 25, 25, 25, 25, 0, 0, 0, 0, 0, 0},
                              {0, 0, 0, 0, 0, 0, 0, 25, 25, 25, 25, 25, 25, 25, 25, 0, 0, 25, 25, 25, 25, 25, 25, 25, 25, 0, 0, 0, 0, 0, 0, 0},
                              {0, 0, 0, 0, 0, 0, 0, 25, 25, 25, 25, 25, 25, 25, 25, 25, 25, 25, 25, 25, 25, 25, 25, 25, 25, 0, 0, 0, 0, 0, 0, 0},
                              {0, 0, 0, 0, 0, 0, 0, 0, 25, 25, 25, 25, 25, 25, 25, 25, 25, 25, 25, 25, 25, 25, 25, 25, 0, 0, 0, 0, 0, 0, 0, 0},
                              {0, 0, 0, 0, 0, 0, 0, 0, 0, 25, 25, 25, 25, 25, 25, 25, 25, 25, 25, 25, 25, 25, 25, 0, 0, 0, 0, 0, 0, 0, 0, 0},
                              {0, 0, 0, 0, 0, 0, 0, 0, 0, 0, 25, 25, 25, 25, 25, 25, 25, 25, 25, 25, 25, 25, 0, 0, 0, 0, 0, 0, 0, 0, 0, 0},
                              {0, 0, 0, 0, 0, 0, 0, 0, 0, 0, 0, 25, 25, 25, 25, 25, 25, 25, 25, 25, 25, 0, 0, 0, 0, 0, 0, 0, 0, 0, 0, 0}
                           };

int brightnessB[32][32] = { 
                              {0, 0, 0, 0, 0, 0, 0, 0, 0, 0, 0, 0, 0, 0, 0, 0, 0, 0, 0, 0, 0, 0, 0, 0, 0, 0, 0, 0, 0, 0, 0, 0},
                              {0, 0, 0, 0, 0, 0, 0, 0, 0, 0, 0, 0, 0, 19, 19, 19, 19, 19, 19, 0, 0, 0, 0, 0, 0, 0, 0, 0, 0, 0, 0, 0},
                              {0, 0, 0, 0, 0, 0, 0, 0, 0, 0, 0, 0, 19, 19, 19, 19, 19, 19, 20, 19, 0, 0, 0, 0, 0, 0, 0, 0, 0, 0, 0, 0},
                              {0, 0, 0, 0, 0, 0, 0, 0, 0, 0, 0, 0, 19, 19, 19, 19, 19, 20, 11, 20, 0, 0, 0, 0, 0, 0, 0, 0, 0, 0, 0, 0},
                              {0, 0, 0, 0, 0, 0, 0, 0, 0, 0, 0, 0, 19, 19, 19, 19, 19, 19, 20, 19, 0, 0, 0, 0, 0, 0, 0, 0, 0, 0, 0, 0},
                              {0, 0, 0, 0, 0, 0, 0, 0, 0, 0, 0, 0, 19, 19, 19, 19, 19, 19, 19, 19, 0, 0, 0, 0, 0, 0, 0, 0, 0, 0, 0, 0},
                              {0, 0, 0, 0, 0, 0, 0, 0, 0, 0, 19, 19, 19, 19, 19, 19, 19, 19, 19, 19, 19, 19, 0, 0, 0, 0, 0, 0, 0, 0, 0, 0},
                              {0, 0, 0, 0, 0, 0, 0, 0, 0, 0, 0, 0, 25, 25, 25, 25, 25, 25, 25, 25, 0, 0, 0, 0, 0, 0, 0, 0, 0, 0, 0, 0},
                              {0, 0, 0, 0, 0, 0, 0, 0, 0, 0, 0, 25, 25, 25, 25, 25, 25, 25, 25, 25, 25, 0, 0, 0, 0, 0, 0, 0, 0, 0, 0, 0},
                              {0, 0, 0, 0, 0, 0, 0, 0, 0, 0, 25, 25, 25, 25, 25, 25, 25, 25, 25, 25, 25, 25, 0, 0, 0, 0, 0, 0, 0, 0, 0, 0},
                              {0, 0, 0, 0, 0, 0, 0, 0, 0, 0, 25, 25, 25, 0, 0, 25, 25, 0, 0, 25, 25, 25, 0, 0, 0, 0, 0, 0, 0, 0, 0, 0},
                              {0, 0, 0, 0, 0, 0, 0, 0, 0, 0, 25, 25, 25, 25, 25, 1, 25, 25, 25, 25, 25, 25, 0, 0, 0, 0, 0, 0, 0, 0, 0, 0},
                              {0, 0, 0, 0, 0, 0, 0, 0, 0, 0, 25, 25, 25, 25, 1, 25, 25, 25, 25, 25, 25, 25, 0, 0, 0, 0, 0, 0, 0, 0, 0, 0},
                              {0, 0, 0, 0, 0, 0, 0, 0, 0, 0, 25, 25, 25, 1, 25, 25, 25, 25, 25, 25, 25, 25, 0, 0, 0, 0, 0, 0, 0, 0, 0, 0},
                              {0, 0, 0, 0, 0, 0, 0, 0, 0, 0, 0, 25, 25, 25, 25, 0, 0, 25, 25, 25, 25, 0, 0, 0, 0, 0, 0, 0, 0, 0, 0, 0},
                              {0, 0, 0, 0, 0, 4, 0, 0, 0, 0, 0, 0, 25, 25, 25, 25, 25, 25, 25, 25, 0, 0, 0, 0, 0, 0, 4, 0, 0, 0, 0, 0},
                              {0, 0, 0, 0, 0, 0, 4, 0, 0, 0, 0, 0, 25, 25, 25, 25, 25, 25, 25, 25, 0, 0, 0, 0, 0, 4, 0, 0, 0, 0, 0, 0},
                              {0, 0, 0, 0, 0, 0, 0, 4, 0, 0, 25, 25, 25, 25, 25, 25, 25, 25, 25, 25, 25, 25, 0, 0, 4, 0, 0, 0, 0, 0, 0, 0},
                              {0, 0, 0, 0, 0, 0, 0, 0, 4, 25, 25, 25, 25, 25, 25, 0, 0, 25, 25, 25, 25, 25, 25, 4, 0, 0, 0, 0, 0, 0, 0, 0},
                              {0, 0, 0, 0, 0, 0, 0, 0, 25, 25, 25, 25, 25, 25, 25, 25, 25, 25, 25, 25, 25, 25, 25, 25, 0, 0, 0, 0, 0, 0, 0, 0},
                              {0, 0, 0, 0, 0, 0, 0, 25, 25, 25, 25, 25, 25, 25, 25, 25, 25, 25, 25, 25, 25, 25, 25, 25, 25, 0, 0, 0, 0, 0, 0, 0},
                              {0, 0, 0, 0, 0, 0, 0, 25, 25, 25, 25, 25, 25, 25, 25, 25, 25, 25, 25, 25, 25, 25, 25, 25, 25, 0, 0, 0, 0, 0, 0, 0},
                              {0, 0, 0, 0, 0, 0, 25, 25, 25, 25, 25, 25, 25, 25, 25, 0, 0, 25, 25, 25, 25, 25, 25, 25, 25, 25, 0, 0, 0, 0, 0, 0},
                              {0, 0, 0, 0, 0, 0, 25, 25, 25, 25, 25, 25, 25, 25, 25, 25, 25, 25, 25, 25, 25, 25, 25, 25, 25, 25, 0, 0, 0, 0, 0, 0},
                              {0, 0, 0, 0, 0, 0, 25, 25, 25, 25, 25, 25, 25, 25, 25, 25, 25, 25, 25, 25, 25, 25, 25, 25, 25, 25, 0, 0, 0, 0, 0, 0},
                              {0, 0, 0, 0, 0, 0, 25, 25, 25, 25, 25, 25, 25, 25, 25, 25, 25, 25, 25, 25, 25, 25, 25, 25, 25, 25, 0, 0, 0, 0, 0, 0},
                              {0, 0, 0, 0, 0, 0, 0, 25, 25, 25, 25, 25, 25, 25, 25, 0, 0, 25, 25, 25, 25, 25, 25, 25, 25, 0, 0, 0, 0, 0, 0, 0},
                              {0, 0, 0, 0, 0, 0, 0, 25, 25, 25, 25, 25, 25, 25, 25, 25, 25, 25, 25, 25, 25, 25, 25, 25, 25, 0, 0, 0, 0, 0, 0, 0},
                              {0, 0, 0, 0, 0, 0, 0, 0, 25, 25, 25, 25, 25, 25, 25, 25, 25, 25, 25, 25, 25, 25, 25, 25, 0, 0, 0, 0, 0, 0, 0, 0},
                              {0, 0, 0, 0, 0, 0, 0, 0, 0, 25, 25, 25, 25, 25, 25, 25, 25, 25, 25, 25, 25, 25, 25, 0, 0, 0, 0, 0, 0, 0, 0, 0},
                              {0, 0, 0, 0, 0, 0, 0, 0, 0, 0, 25, 25, 25, 25, 25, 25, 25, 25, 25, 25, 25, 25, 0, 0, 0, 0, 0, 0, 0, 0, 0, 0},
                              {0, 0, 0, 0, 0, 0, 0, 0, 0, 0, 0, 25, 25, 25, 25, 25, 25, 25, 25, 25, 25, 0, 0, 0, 0, 0, 0, 0, 0, 0, 0, 0}
                           };

